45823
90536
15113
4136
56389
7979
25009
9090
1374
57600
51303
15202
63113
68435
39098
46887
56394
11708
61337
27154
51375
60294
21547
27517
28866
3864
59508
63003
71931
6836
24453
34105
13723
55917
38240
70111
63895
79601
95553
81621
37200
46855
96822
16665
31642
52271
63551
88035
80330
24887
31540
31704
1532
53086
75572
30398
73302
51432
9752
45232
58267
50556
95688
88341
22824
33928
58451
3071
29880
54003
84691
67079
17210
81512
83743
65203
50134
63645
69589
30463
4884
1128
78519
6415
54214
54090
53164
27515
21873
79267
89098
96491
29822
1137
84831
52646
51416
59634
55716
81295
13636
40406
64726
47197
38269
48468
28751
4754
12113
98339
35216
33348
99467
30086
39762
70032
528
9278
13898
22400
88544
19347
18891
34718
20483
3721
87363
71899
63354
43078
69545
93342
99835
34270
56890
54455
99090
85641
59208
27554
331
10775
60901
99797
40861
17014
86180
41388
26291
16429
63787
31187
35775
99029
65904
72610
2750
69618
60860
66103
29047
30404
75796
28881
64674
32686
99687
63763
34678
75246
7668
35008
86020
68568
51157
43232
85581
37336
84619
28224
70117
64758
59410
22243
63786
41665
94852
82887
11282
55711
65342
40328
2467
41137
85560
83492
73822
85246
63606
24851
76843
71273
59859
62862
39840
11015
22446
25420
48350
23416
53643
34818
88173
29404
57061
68311
71068
51912
51197
82349
23975
32890
22676
42793
74027
24587
26284
64200
9832
89889
89051
86674
77513
48909
65888
17352
59923
4685
59123
24624
28100
29118
59442
32625
58521
16502
935
45941
84765
68483
44641
8739
1373
67317
51531
91751
8255
94166
55950
18087
84054
61352
21112
77918
10260
3351
11621
86534
8035
70744
11158
36135
16213
86951
85111
91085
3452
86045
37025
88216
70879
81666
13307
88603
65334
81189
96705
73588
75355
69007
8026
75760
30358
45490
53678
56970
65192
65298
43503
73227
52393
71012
25713
68605
57962
10823
59690
77765
13219
96714
82333
449
94731
11991
5404
76416
93179
2108
50004
68533
71114
74381
44293
1472
19870
14322
74793
85062
79619
18295
74640
32012
5659
16704
16968
79972
27526
76657
57737
57096
89723
56421
73896
805
68411
79299
77221
77941
81407
27224
46474
68872
17956
7118
70343
37826
21439
45135
39239
17409
79782
13878
65772
85440
46933
82740
81763
74458
59396
55851
47905
65470
12271
21800
66275
97033
1099
43495
74974
98857
87070
37799
67728
5025
61268
54423
59202
99058
15909
98440
16466
12042
28669
82238
13833
75601
81329
95596
66410
57076
51446
14314
22546
63717
36114
88820
77101
53564
48666
52074
68772
35735
6224
36499
57111
67491
7273
16313
66548
23182
14752
99366
51575
43421
97955
65408
35373
79283
61003
1783
36358
28800
16096
75255
8868
68561
64074
85969
38476
29091
54394
7247
64825
60618
60098
38288
44460
67370
54600
27360
6903
69351
26725
74830
29123
41031
40237
80848
20313
17591
82630
73022
46390
15077
48277
55258
99990
28702
57578
54817
57793
11971
78416
38969
88940
38513
77256
49752
22234
31855
77111
45489
17558
3835
20318
63032
44865
76906
43879
81529
94496
42860
54550
57237
57937
19178
12494
74278
47880
70071
29094
22024
98394
7509
60992
87333
62373
54600
53436
84607
2806
30546
46447
20363
50732
66764
99747
11948
60021
59977
93476
54516
2837
64378
28104
77125
99907
40598
51402
47786
27020
96847
69809
41765
4356
47153
45450
66728
1752
98885
67686
4557
29431
14132
41272
80162
97247
57370
8462
57267
17346
18289
28134
36534
99018
56238
13658
98925
13187
81411
46710
40206
78258
32871
98323
82613
80023
43772
65692
98126
42656
33378
19034
88438
47509
60305
84952
61108
34026
93413
18374
51372
11701
46508
4257
10719
2745
17915
9643
15931
15677
72704
72488
93934
5574
70810
92898
1948
14581
74942
16425
73589
8319
35459
62026
72179
12115
46977
33286
46141
40389
68012
13864
68442
14519
18120
79160
33615
52386
5154
49545
84415
77857
38384
78348
99783
9194
87598
18082
40126
62539
34507
13714
87209
86317
75740
75739
98431
22716
25377
60923
79457
93388
91138
47898
24258
9258
43409
57872
77995
48562
23768
62409
26418
78503
57109
42552
87696
44706
60634
27822
23596
11492
57887
27156
14160
33626
19246
12590
72694
44622
89865
68502
54361
81002
16399
94970
6611
59807
69193
84606
24720
9312
63366
67489
87815
20474
10041
91862
81531
87026
36035
21478
14869
93922
48633
29028
43899
84231
57969
32944
45204
47833
1445
15917
28835
34195
10886
51797
10353
96431
36402
35072
22094
16120
2561
9908
36593
12601
1770
34476
15978
37804
55953
30846
48077
20938
59873
91976
5168
17841
24919
50371
82026
42716
66287
10860
76910
93525
79008
87263
6307
15410
38686
28400
47881
41246
38308
84473
70198
56429
35300
86175
10584
91253
17020
58661
28542
93244
50636
33709
11085
91906
431
93110
50973
83070
20321
27883
76594
99328
31497
82900
31089
70182
27651
78969
27780
65958
79794
97977
38738
15093
84152
49322
22697
17523
7982
51238
10767
74969
1298
38203
83226
1729
47664
34199
84798
84336
78433
77743
15
9929
76994
47456
96462
4644
42776
24241
70602
22569
22218
25691
54014
22721
75012
93062
56595
82993
60652
83713
74313
61949
21915
57539
80029
85930
8089
81178
70265
86521
58920
70280
96449
35913
34087
92910
56909
76862
33503
43862
99431
55720
69552
69796
94792
44564
79209
51386
43908
39860
35099
18221
18161
73365
92111
98189
59295
199
79367
45911
86719
54638
32542
99519
90551
66628
8780
47459
43490
42282
91320
59272
14353
77223
45419
9144
21786
24627
76882
65694
80839
28332
266
98999
1696
8728
13539
77342
25278
92905
23253
28348
47543
55794
27866
54445
38774
36645
18255
82263
95279
25926
57886
25983
3148
3304
35127
24934
44282
28360
6979
25120
56691
23596
40470
74738
48675
54009
52080
73952
63265
75332
2299
10807
47477
30164
81603
86250
83160
99857
84864
94790
42134
42749
20773
45282
62404
72251
86567
6686
610
9897
48157
73652
49844
88627
48389
98518
42635
468
72469
5899
92151
74767
33058
55980
21282
14660
42229
20793
30869
43445
15583
89354
2545
52707
34635
64949
24957
37553
71634
41918
63801
19790
31921
13644
8416
80309
12161
67402
97129
84629
73301
5631
59395
22710
61610
97028
37369
20191
17821
84589
79987
49755
73943
82531
18813
24929
47479
43769
78834
19112
2038
42634
55254
33958
56278
80021
30618
68438
47423
44098
53067
37075
66081
28813
76136
27690
42193
29856
64232
60013
14445
44218
26119
4739
26749
44931
29667
74227
5051
8500
9691
23440
51134
81296
57397
23763
77668
4366
92200
25090
48464
45266
78516
14544
90431
54651
58585
32623
84507
39169
8987
15303
83386
51457
20041
26486
96387
66059
17065
17789
90911
43107
41228
58396
24402
14976
82158
2069
35693
74357
43511
508
35975
38378
15051
26405
9381
89988
75379
10239
29156
84365
25541
28893
35821
61933
55379
48559
44343
88795
82699
51605
31901
40278
26352
72654
71605
24861
91074
7297
15570
50936
7805
51544
5666
39207
94300
15046
29194
69678
41636
74701
70394
83528
3594
22566
61812
75324
71124
6154
80470
70174
74111
12370
10451
462
1375
82055
25323
92448
89351
40892
59736
97155
8787
65401
36362
19438
96798
81907
5467
38433
72960
75860
21960
76553
98425
83771
68228
85900
6276
48697
56073
96738
77418
82875
97200
78792
64929
38874
87591
70631
96117
47326
84138
21255
29078
36851
40692
25875
18757
46158
80659
91716
38369
2618
84620
53145
2740
69199
55396
25368
34247
27820
22105
11664
10694
35656
6807
91974
74529
10750
62604
86997
58075
46741
8251
3505
83591
48942
29379
18700
11451
10038
10415
66171
29007
11387
19315
31747
96937
91062
57114
31184
18881
95570
59199
29574
31226
66006
21547
5754
93107
503
9103
51181
47243
17353
71037
30834
82647
416
65885
94097
26805
92651
76620
55811
4037
12286
3909
17326
3348
77374
48509
22228
72944
7707
68154
4169
90064
6052
26274
83170
6554
35376
50703
70149
69081
21739
17334
51727
38506
83218
62175
81662
75868
55146
37473
96257
67432
57733
13582
70779
35107
78442
9358
24402
2500
93863
44922
92564
16267
87547
92085
39172
39275
59139
9320
8355
97230
43005
76433
52087
26222
54959
33749
18442
10105
87573
14698
77536
45305
44631
64666
96763
23072
74023
21164
25571
84238
82437
34486
504
69984
42923
56027
9258
18413
65347
33964
31994
24703
10396
84081
67277
65354
34181
85718
75458
21753
16767
69345
83409
61397
34010
80172
820
24385
17687
26390
8622
124
60876
25477
86459
20150
81503
95716
38562
63201
46031
70556
87904
56426
70988
55180
38131
5168
57249
29941
26920
74015
99285
10328
51763
49647
6851
52582
74031
24538
78971
99004
41013
56198
24480
27471
92699
22334
39538
31261
85535
85568
18168
89790
58345
89155
61321
12827
94322
18569
42767
37593
92583
58404
47920
44345
8050
54771
13278
98432
95660
92248
97435
36672
64798
38266
64142
57496
76951
3679
5108
78837
89246
23275
68626
63942
12429
29946
76768
23102
48514
19535
60694
57448
94290
24966
18144
18691
79736
31421
17122
75395
40021
30908
28418
21170
85525
92559
78665
62475
96237
125
41312
1834
39751
26289
82127
68532
56235
58894
91633
21100
94780
52327
94900
89069
77292
13043
24111
73379
60816
57584
65125
836
4843
93542
22005
90367
2452
17021
69194
15040
33497
26857
16873
73248
53145
15351
41779
25731
74244
49763
63183
69024
2089
58082
74444
95732
87476
14907
85462
64643
72490
50586
65478
77333
60479
3834
84051
62930
20855
53244
77969
70703
80100
11193
43950
49597
26543
2080
75327
17139
51843
54861
2514
70283
29294
93309
66015
16770
8215
67828
81412
80705
34766
63242
74389
95244
67075
58439
74526
4281
28035
68846
74984
8134
80039
35285
74082
22933
37365
65761
56423
89207
20621
58936
59489
49915
52245
41855
83036
76811
9683
80799
73867
60800
44040
48255
72395
27467
23046
46920
31747
51080
15766
23082
75565
12156
58367
49647
51440
95731
15407
24215
84937
36027
83150
60777
85941
51746
18984
85328
44909
28666
66127
18775
5817
10166
67030
78211
37632
6427
25131
85731
57506
57248
25164
33070
85755
83530
82716
53546
95612
14474
77760
96900
50501
77262
57677
52793
29007
76660
38121
73915
21677
20599
9042
27493
30764
92423
22055
84748
98849
47185
86830
56354
20784
11993
89423
22890
11875
88491
76436
7486
2964
54195
4386
69816
47808
62062
22609
76815
55073
77081
67081
93101
97679
76122
20593
44794
68544
42647
45893
67392
6184
49074
40097
43319
61067
29520
66209
72941
34362
58996
96778
37325
29542
1163
23493
77350
79576
46101
70516
34648
39533
37596
27748
53563
30070
64692
14708
14965
23691
76953
98709
46226
26026
38805
89544
3444
84676
72104
92736
19037
31099
89514
72714
60641
90676
96206
37990
70252
58658
24857
21251
14542
78804
48999
84456
8873
30042
99163
40190
53732
76115
38898
99957
18493
94054
5853
38288
95082
77956
31024
14118
9055
36889
3183
86047
43916
99388
40388
14167
74397
65244
51770
88938
44047
17120
73393
69272
47161
88908
9461
17245
81374
64710
17201
16218
75115
39405
54506
70196
17361
85529
666
42767
22417
3848
28813
66332
19588
69200
96851
10336
50795
64972
15626
94841
82091
89018
80464
29251
94277
6276
46495
92003
70985
80048
8220
62452
19452
62725
32647
53164
48253
49664
95930
87021
53512
24742
69705
89451
10293
82907
99786
61087
47878
31763
72280
29968
37133
52743
75570
31409
59019
38417
23411
46355
34816
31631
8806
54267
94355
57805
23783
58960
7468
19712
62332
77331
60806
32036
66781
71098
31294
82919
48537
79171
14681
20816
9138
51813
89910
1060
99574
48928
39476
39336
11635
74291
70966
36792
44909
81673
94596
68691
56984
2064
4755
19315
95746
65560
67703
78879
36657
98996
61797
85193
94519
92829
22360
20008
60994
12270
21067
76919
77549
76894
16254
5535
51184
3572
42327
12445
85244
36922
97487
58579
55337
2241
94245
51083
84152
61947
29961
37161
77295
8109
38705
71813
17289
61065
91820
94634
89686
12887
71552
67234
89780
4158
89121
57316
7729
31447
86112
9324
84720
83598
67902
40057
2191
62146
7491
86342
40445
53803
23502
17739
78263
62207
89551
11903
39623
97722
6537
29308
10608
94440
12893
16740
14949
2013
90407
22677
33459
76518
48352
34531
76467
32605
74587
78657
11103
98429
81351
51547
52231
4852
85637
46845
83410
91539
58747
23032
89260
81635
68691
16220
76075
81584
32959
91023
99948
39717
30052
49759
16234
78403
84289
92700
27360
75227
71357
38462
73655
69059
90008
42237
90262
91996
5433
73672
83534
64179
13055
72793
62166
81746
89012
38240
79681
38322
45614
95980
78038
92017
45738
10623
86772
46378
3323
14131
21604
91031
52592
11610
60089
58951
70198
50350
50946
75630
40373
50831
39809
53428
23623
18326
51525
28987
56565
47557
83660
18530
43536
78050
26899
5626
88672
13670
68355
91994
44152
89959
99376
96743
17920
59464
72045
88118
26166
39342
63747
66538
90172
19907
36317
30146
38232
87841
59132
11148
51749
59144
46030
11637
37193
72928
17262
25864
2949
85616
34210
47100
91926
49937
60194
9846
25753
48590
14315
51918
87931
94413
34807
94454
14320
71124
24599
68903
75316
83731
96403
43417
59226
42432
55053
96418
31711
72314
38633
51011
74281
72842
98110
82559
39131
74655
92404
64883
39596
23070
16800
27526
17482
67958
21979
48153
55433
62929
17056
47101
46659
13458
90517
5884
72241
45569
18653
20303
34234
57286
71313
24866
46479
85774
7424
85609
76780
16179
50491
16375
39248
83642
60252
56730
51600
98582
21234
7032
61510
38289
54132
24521
68098
61000
46756
56690
6568
65409
76992
57153
39046
48304
82019
85524
50429
5794
87485
27208
21973
54327
43582
77572
37969
20185
50653
5920
18766
71887
29303
80276
10175
83435
4796
94625
44434
51551
51314
67354
16959
28306
24506
72356
92961
22876
57880
59742
28670
61716
86949
66994
16042
46883
44565
70362
67067
95218
76281
85833
83456
5584
82460
9982
5370
87255
4606
66155
38805
72272
33508
72116
16929
74366
44471
9889
97241
18702
69630
42262
80417
72931
9255
12811
36165
70172
83172
3231
81741
75805
5415
65196
81388
87874
75177
3109
91480
96135
69263
46637
68406
19123
18752
85334
93488
79574
11574
7080
98276
97556
65694
95044
70486
74948
7854
23002
61471
7378
42584
43211
83182
47999
8406
80921
52224
83583
84029
60056
79717
69643
6692
64474
88765
25443
49807
98604
5016
61380
22036
3291
75287
87729
14687
45772
79028
22540
68773
40499
29917
27709
83709
29450
75707
8467
10370
44282
8401
10750
4337
4469
80393
11028
68942
85509
52822
35100
465
74190
12831
22500
93832
88118
26580
8518
33889
21959
31058
19014
78809
77326
46722
78870
23128
38780
87336
33497
99413
95736
60599
20102
16556
57343
31129
85497
42851
303
20596
59667
74492
33426
98518
68323
21543
25097
76841
71784
63408
24250
7149
42216
1575
70222
37437
41054
25353
41124
74551
24765
36859
51501
44866
69766
8843
92347
55262
68045
9001
92209
27712
83492
25635
26229
51814
63529
67678
45006
51664
47437
69255
58812
6004
87182
45385
43441
28235
70737
84564
19137
11854
37775
70637
56719
7540
95831
65417
62802
63876
74417
71362
7939
74260
96996
50519
42426
76877
34548
3783
28540
81984
73038
87352
87988
76571
32736
47780
21157
19825
32343
56646
31678
86469
43634
4748
94009
39465
70165
73162
19692
60933
44523
43982
51545
57871
10852
93970
34747
45400
14104
63286
43735
3493
66989
31722
80063
16077
79501
17572
35901
28196
74217
67578
14664
34202
72325
8672
90018
58841
98185
26061
36126
59060
70042
87670
16930
97246
97991
51676
42645
12094
31313
86379
15587
98302
34453
12001
14378
30305
45924
50278
58500
36492
34207
89516
70694
6531
14539
60711
81724
12724
3124
17849
71783
73165
21870
5064
86762
36212
56739
29406
64657
4403
32137
96595
19056
82941
24948
33433
13245
70871
62
88097
23715
34268
93964
94408
57151
8502
71470
55226
37577
90945
89426
9359
64110
11295
14422
50871
63858
87512
96629
44866
8267
45117
41461
27322
28057
82760
60755
57653
69982
77168
62101
93696
27788
56064
4455
1290
80918
92277
56515
18494
83221
45940
44205
47330
73586
74978
14553
53795
78842
27533
98660
87108
72649
56472
14429
17057
39231
91535
91061
25565
68703
53162
19260
12842
25577
23715
30483
6494
15991
86997
24988
99211
49288
85544
62893
39225
60521
93797
93019
39362
21329
8030
26469
10329
64502
57250
43737
20084
48784
34797
45648
33838
4310
81260
63031
29887
4974
93513
36380
37316
96861
77719
36526
46148
79614
15770
1724
40135
9566
11094
79496
47246
19124
22317
73926
99977
79566
17662
36412
44701
52459
98412
78539
56768
79671
57921
3006
996
51434
55738
38311
48294
49808
91188
10794
29422
6958
12517
69556
16523
23611
65403
63769
59086
4071
37694
59062
99988
71708
11825
44689
24166
10236
39579
97285
89906
97499
16643
7253
48932
72380
45563
13578
22187
36751
24371
67960
43708
36887
37515
76582
76849
19270
40350
35934
23340
94396
11347
39680
66103
23172
84368
6620
33407
40298
20256
39665
37796
36898
46917
3080
25629
8832
16657
64168
45582
57379
32127
5641
10617
85994
82222
87466
5263
22572
39751
44954
33319
51098
84633
15773
90621
85352
22392
24027
25649
58999
80043
79797
12249
43312
82876
37877
52143
15884
2044
97724
89614
50523
3364
230
36516
85585
4047
58130
24508
43798
19435
57826
11247
20420
89950
18219
5771
12341
58597
47772
87692
38640
43920
99940
81951
43147
37816
34093
59030
56212
48168
64995
6734
51531
65224
43249
53467
69271
1378
77975
29420
37164
52152
57018
57583
58454
75236
79706
87146
50184
27477
74837
88823
71396
74776
87125
14542
28944
37569
89923
85155
85736
54917
91888
53618
36492
35136
7085
5762
52865
1411
51533
6380
69914
24902
63963
28367
16489
43668
15513
66673
87496
6701
71847
58891
81477
58972
89784
10420
96540
96058
95574
98628
50974
3813
52245
87465
38948
75681
9579
8164
77091
77463
14543
63357
18717
94857
8075
35205
38524
39939
18229
26019
46640
90076
1261
28116
65399
7396
54887
78290
3453
50460
76917
70778
54272
29162
58243
9571
21194
84173
34086
98285
61635
64980
77993
80351
59837
86067
31908
14712
42358
50136
40731
88997
56563
58343
33464
21961
65739
88350
251
85543
38809
93519
56321
9432
39032
30915
35354
60226
15087
69439
74862
93073
50770
52854
89776
10606
55272
21683
41670
97629
88170
82400
2977
61085
57094
36440
83045
39184
24789
99647
24727
79949
93166
81047
89380
32197
28313
41085
92422
43399
26875
67283
52823
77645
36488
42598
4602
91760
80632
46271
5740
85154
45022
8717
46238
2116
45156
29282
57651
86297
45281
98729
66245
38446
96127
71977
86994
24439
13061
79416
67837
39936
63050
20660
33932
99538
79609
38533
7649
76593
1156
29740
61746
46177
38456
7983
64644
99964
53616
38647
86260
98896
37375
68856
53693
33502
40832
57039
57940
53893
36454
25777
10180
15855
62788
44111
31744
58748
98995
39392
35340
150
85484
97085
62679
40291
21419
27322
40254
91387
65968
42865
6634
3343
11721
60327
36844
68904
17365
94783
22796
70170
36911
32975
2376
16050
93437
34120
91150
92432
89863
26489
92581
75346
39926
55259
15637
77696
98933
72242
69082
81252
31459
75716
946
43179
52394
37789
28434
86110
48924
51230
72631
2186
556
75006
34588
93993
9125
25737
2776
15340
68577
11708
90685
8502
83319
22673
2550
82251
94915
71631
79854
26373
47346
80800
85903
99739
34940
14336
85848
215
81917
74830
2401
82473
49836
53340
92817
75312
95428
95592
90651
64004
23651
81336
88858
6969
4008
91407
89219
15274
63037
85425
41646
26735
66224
43900
42825
1163
58236
45025
1378
40152
19854
20130
38976
69689
73469
31792
45001
85248
43735
52003
65603
67386
49690
54460
74354
70050
62218
79925
85323
41607
81701
43321
84693
47924
87220
27517
49086
61807
72541
66815
18311
92395
86944
57286
78435
76764
5430
39787
78363
65516
91790
43966
32901
41479
14777
23607
11528
76995
19883
13203
34953
1583
56523
19645
65858
60094
63513
31295
21901
36054
98110
40211
44800
1405
13848
39586
94521
19277
79373
72883
84793
87514
16848
34045
28992
31625
74003
56872
24971
10237
86426
76275
28171
42948
95919
94028
3041
75783
25323
41293
11836
39784
81503
72987
41188
11703
12573
52060
30979
8297
24943
32123
95810
58142
82520
41153
6118
72874
14376
47440
99463
801
23714
27633
43748
35984
38013
63141
11767
63335
4433
39954
19470
2288
29293
60657
13990
58217
29069
61320
66513
54011
9795
78674
28504
8666
19826
50974
81539
34202
14765
97353
51354
38479
24986
11454
90814
62998
74594
18932
42684
95378
58886
62153
14017
4530
39161
44358
62746
68229
22030
29258
38591
31824
24283
83447
40489
44108
34420
38379
94661
49184
35732
62367
4014
77069
73820
94828
40066
48413
30111
99101
60142
5348
61253
74159
9877
413
34868
72622
84994
56897
18231
23584
88720
42513
7030
45560
2973
57801
291
13985
6985
36022
76351
27350
29442
66522
22177
85859
31286
68640
84959
91428
73987
46211
81938
83864
62975
16805
72837
47968
73702
7420
87904
78773
66284
94933
40685
85608
52734
40975
99593
76070
93348
92295
3419
22789
58817
41948
8647
6454
10587
93605
97881
84573
56167
79818
84788
35493
12975
57625
83461
3028
65044
71364
98152
47679
82648
38836
33287
51733
79810
32879
27802
89509
41525
31221
12297
16693
73168
37295
23147
83754
47251
37379
84678
3417
33549
69466
38910
46523
43442
38722
65902
24837
26437
64053
72515
25436
2889
5801
77169
99050
55031
4970
88559
12908
36190
17207
29600
25709
54502
69098
25814
1752
22829
26844
21521
56377
96309
76782
19251
56102
31855
85152
80938
58291
65556
69804
83726
84796
75605
77246
83846
30635
82216
88756
59894
34757
5962
5846
60466
76815
74943
2631
94919
97771
29474
16439
70499
42134
93220
89749
98235
41426
91252
95524
99716
56808
65328
99793
41603
57284
77039
41800
87918
75606
46907
64164
10362
52869
70009
87179
46035
44951
89810
40953
59074
35635
57391
29572
77769
66962
35673
92355
8387
26924
87879
24454
83
69558
40599
58038
26841
17637
16189
31110
93242
63096
95273
19955
32316
65281
7134
78350
26584
13295
19303
2009
48929
76693
31580
43049
60007
83604
35404
68393
26880
39634
9199
43314
9191
49797
1351
36031
83785
33892
67140
93378
96987
78765
13332
45654
44045
36817
24003
70628
50111
43305
72636
15392
36350
20568
74792
12708
20523
10195
97452
47402
66180
6650
7068
75370
56446
24770
27752
56582
58661
11244
49959
71999
90008
63291
17652
34052
107
58007
21032
66570
17663
10019
98313
54012
46938
73104
83071
67461
99651
80523
31214
65830
87172
38281
41200
59970
63051
68951
16551
38063
80194
66510
10062
86553
46152
44065
20605
62610
2071
57988
45531
19734
68006
43843
90097
14944
16947
89520
98756
16597
70042
29969
98778
73565
84602
39977
33534
47652
25280
66437
2066
21825
49298
12127
8378
95449
72544
45334
74410
74614
3321
19941
10699
87678
63783
17148
18973
97081
23019
17728
30029
93060
64049
28807
66624
65002
85135
16510
29005
10414
82946
31070
48591
32243
43197
73320
44043
32092
35005
18452
6705
54677
54744
33756
42354
18527
67255
77679
31959
90273
11758
61988
99684
92158
7146
66307
57159
92280
99168
86163
19046
82113
17233
83988
30707
76781
57307
91101
8872
92311
25905
31928
46987
80648
82035
5692
99174
65641
83370
47485
55913
11480
9472
71948
3637
32969
38255
60796
25248
53774
63310
60645
35887
80542
44632
82945
73674
1938
90398
82545
10600
16302
30825
57586
96949
12859
79630
96123
78500
79351
59959
50764
90830
85782
22712
94467
18750
77318
55262
43997
31091
18571
20994
83329
15465
65625
82626
89138
67563
73023
88035
78162
89324
35211
52100
86272
48069
48081
98746
42920
27431
58704
10036
18261
44485
49099
29079
63234
26416
692
23583
73858
35614
44576
73539
51078
26552
72516
56568
94114
45538
60954
88628
51213
96164
57079
37484
60584
21511
52582
19856
48941
27637
29891
83553
72122
78989
12631
51707
21756
13322
91641
11965
48936
52568
85503
16365
79120
58018
89284
89585
19907
50237
94564
71119
62752
51642
24955
23336
73152
93888
59543
38445
21524
89433
21997
9997
84773
50980
78056
6528
64301
86048
18492
29588
38616
20347
45953
34087
78364
35236
23671
14623
1825
34587
85741
64576
86228
27047
4263
75732
20934
63805
30528
42458
69589
68876
68806
54361
19855
46861
77240
508
32909
95732
46447
71524
16078
8751
21962
10793
43987
61984
25415
62163
96570
27508
43090
99150
54554
47353
91233
91840
27509
21760
34297
13450
90635
3102
67810
26842
66315
61402
43701
99223
73485
90147
87098
5914
98898
9059
16706
59236
71042
58473
37750
83964
2332
80839
83113
56885
44543
74345
48724
72052
12456
99372
1853
19442
18826
86014
46283
85140
47415
6335
714
20899
96482
87811
26812
11731
13221
59870
87318
84262
34694
25067
84577
37025
5905
67689
93909
50448
58385
58985
38851
70840
74708
40703
90282
9885
26716
52916
11376
90483
59251
12089
11381
72084
99899
54545
166
13119
14414
87483
13733
49107
12549
98309
86131
18453
82350
96391
68900
40734
71727
24102
11574
62787
81156
18207
72671
24224
87474
399
14706
46724
12487
26086
35159
28738
96982
35324
58208
11395
22806
88292
76853
35354
2953
79335
70159
85302
75726
55410
26035
63804
79512
53960
26590
60667
88518
15613
84890
75992
16011
15947
39067
44849
42033
74226
73586
55366
25901
31794
66761
48707
36437
43613
412
39389
22948
70570
24690
15025
42332
67077
95180
21843
37388
38122
98861
25906
53734
103
18249
86096
16049
57315
30944
74433
47892
20882
29799
73793
69027
12911
38851
5463
72875
55614
44852
12174
26184
69541
27198
68515
52969
38730
6709
90357
76851
21921
32614
30584
22023
50862
33031
54424
8176
80326
28856
72420
1207
75006
46212
86585
87916
85062
92048
60791
40675
53251
72964
83210
22791
16514
68076
92112
55243
91136
98820
48445
13057
31433
95380
35079
98646
28410
89502
6821
8735
34710
79240
26294
9715
41803
12878
97631
43216
21277
74773
83891
74527
64088
83452
13670
96953
67880
5781
52195
59015
4600
639
72071
52384
96018
23502
51029
40779
13003
74201
65866
47712
69793
8511
73779
11595
37740
87761
54811
59017
62533
55053
49895
42972
54856
63564
39925
22735
85696
8471
81750
6647
25462
53820
59030
21479
77321
10058
78610
6676
611
44475
70739
70403
52985
60869
81997
90724
48629
53159
66092
27513
8211
15987
70485
79419
95902
26761
2153
81598
35231
83902
88244
60692
54074
63626
98523
47746
90035
77132
70773
90645
37958
57864
61047
7294
18732
59396
14369
67361
28906
80461
11225
53469
12799
81709
32887
8700
8469
35039
90297
60052
35293
94893
20743
5718
74870
19265
69815
64904
12748
40588
71901
50705
98451
49299
57998
17182
25046
72367
894
53952
69179
12119
7420
81977
10179
40306
90676
35000
91696
97325
11403
26988
8569
32145
32705
99790
67762
2520
64693
80509
59459
52945
47566
57909
2244
5563
91442
27289
94281
8688
97592
79811
37158
5011
61787
63688
61668
68815
15039
53364
82491
26441
96703
7411
58586
29408
7200
26347
48279
88244
23207
24089
57541
70772
98349
59784
92687
6142
3424
3319
14829
17368
83130
51986
22378
61268
32026
84046
46434
47064
53761
45276
73505
50463
52686
32090
96222
76237
74788
60852
64481
97994
84940
38373
68766
83288
98156
61452
89430
17931
64770
20610
35298
64251
88948
74028
25519
20973
74425
88304
68036
44537
33580
41540
94999
2617
89981
7573
78854
64768
68424
59686
79114
53364
98058
47879
53003
12565
25682
58784
46847
6803
79394
98497
87406
68341
88876
29276
5665
63300
17579
73700
24188
67510
31592
19186
70127
21572
26758
48980
2692
95182
25017
81805
64897
39426
46035
34251
51990
88068
93035
15188
11222
72428
13684
98627
57120
2559
27902
62784
82210
61833
36483
6397
29342
84426
41935
99468
5998
85044
64799
25041
96577
6167
23197
77825
45592
69231
12076
13933
57298
5110
29121
84871
77537
42804
83498
51008
61715
11399
13791
60276
73231
66625
83025
2573
51051
41311
18392
73400
26354
99543
14792
39283
5709
37988
17107
51301
7218
29182
65233
80867
34291
94353
65737
28179
53509
65586
79186
31575
76985
9328
8202
66567
92305
91226
85491
43355
48888
20235
33106
91594
19777
47897
30876
25485
2236
47982
76785
25805
93516
58370
23023
44158
69074
88759
72337
22582
70697
67874
70508
47681
93554
78710
30599
85858
86287
16090
45564
35175
36324
78669
43120
72452
42917
73995
97936
61504
38328
91073
87308
31843
49442
10330
76001
18515
15440
64689
57449
86136
32562
44308
33816
42467
39369
80767
28324
25656
13208
73887
77182
65883
68907
20301
38334
28175
10647
36269
89678
48974
27341
76985
97169
93134
3666
73169
28001
19106
54209
1801
5241
3122
46108
55409
45589
1829
36175
73912
27484
49382
64151
21017
15264
33057
57669
53597
77584
84667
6217
67261
33640
49910
60598
47160
43043
64263
20328
87395
99720
90888
5547
4961
94010
68007
60369
39598
69835
12895
29861
97318
78628
94011
34686
93891
43420
92354
63839
21003
77020
86407
4615
27011
36316
81564
74171
95711
62179
10850
99457
61898
1738
5004
66858
12099
73010
43578
51696
42844
56472
81556
56513
35099
91919
91198
45341
35338
99903
25531
72692
93274
28290
77306
36636
80957
75222
27158
93019
37400
38008
92476
99297
56097
13831
82507
68195
86840
42436
36242
46035
15260
17797
2547
66710
9715
10096
28403
61404
26350
70285
34095
19623
98574
11401
72610
79531
2974
99768
72549
40373
54127
81376
56021
10223
95206
54879
94769
98397
97315
31010
44431
28926
65158
63329
95635
91225
73424
24037
52628
99773
94322
86723
35747
92895
14475
8357
88777
17448
24476
77678
74172
78602
59053
30192
5176
54259
1423
99944
69007
15089
30953
13438
44014
12462
76766
39648
3686
66542
63685
56314
66314
58006
59388
18413
67252
73862
43121
72381
7661
67596
50058
81832
46197
9110
28375
51372
79720
46149
67667
48727
61237
14971
78516
5250
27432
71633
44898
31118
38174
24934
3783
20840
99291
63170
39252
82894
53383
98724
55274
61043
66319
5331
59226
28867
30793
3952
96590
26864
50101
64256
91942
11337
95578
70457
32939
23009
42090
94188
70478
96615
19121
74260
17454
34763
53781
73057
17656
7163
71780
72930
84557
54450
94612
60134
99668
41756
64086
96257
68620
14186
76864
76913
41874
72441
63722
74812
11802
22163
68999
82279
18777
88119
72891
36231
39233
43023
25639
56889
66538
97419
46170
51094
68220
57133
11228
67888
98889
91665
80496
83860
5850
73712
60772
64075
62504
40845
38887
74305
63007
7885
72936
98136
12356
45826
50718
51588
5200
76356
24828
71737
90126
70997
22831
58346
28130
50410
42585
43370
58426
39432
27229
80627
13143
4352
44701
75647
45197
83587
66303
24555
7824
39238
22690
36531
1415
89759
88118
6615
66115
29298
78351
56240
294
17533
30937
44775
84294
89873
88144
42719
29305
31724
23345
58799
36076
84398
34445
97624
67984
17100
38530
92159
56337
77572
28689
74104
67330
33159
97070
33444
62456
91772
6036
79101
9305
53324
23876
9950
43197
28371
69021
88853
60095
92365
47651
12522
76762
98448
10145
61098
15547
65026
53256
88235
42597
81945
78690
9927
31455
75759
43370
93910
67531
65757
73010
93187
35433
96885
19488
78629
41608
88508
83833
1702
97225
47835
14223
90338
46282
40719
51435
78180
5744
21043
82767
48341
19339
61456
58267
50793
53567
17988
61054
37449
97
34063
46987
35529
47300
66474
30509
88907
54982
14341
6960
52206
62175
21182
42543
24809
61900
10330
2988
83995
47724
2106
32335
67062
63562
6953
34206
33480
41293
95259
87280
41389
29321
34266
76917
92972
739
23777
81878
55720
38117
5189
24277
16643
26370
83172
41451
4621
93501
60791
88616
41224
62896
37302
24637
42809
60607
58842
92640
1899
54100
79919
43287
99772
14184
36555
92744
14923
60331
90973
86994
14799
96162
27623
31441
38883
10794
89244
59856
20646
50034
64823
78221
29281
2124
2857
72090
79082
78050
81081
80980
32149
61000
40618
48272
75183
77172
57367
6457
53854
48340
9803
68652
60853
37425
16445
16087
64570
5688
75942
1567
72073
40764
79787
1353
59240
98995
89794
38321
77044
70875
19301
25544
31874
59918
90167
23408
53442
47534
46217
7295
12225
72371
92299
89429
26147
8743
5515
90716
14430
81457
8634
86502
38572
88420
4206
97811
3766
94000
36132
80809
64874
71784
22704
13099
48053
12870
52858
17846
76755
15426
25141
88979
87796
33791
78407
13942
42533
83922
21009
73314
81730
29642
59815
36653
18061
80372
34464
21826
74371
86947
18986
55596
75082
58041
85046
23134
87263
37904
40980
64017
53329
82472
52996
41125
32614
31402
71418
75146
31675
92427
64811
29756
22068
24625
66409
56481
4996
17224
94658
95719
4170
29996
51314
79251
88036
36360
18736
75298
90615
76067
39315
60295
74890
8662
17771
7503
40063
89189
99000
88090
97967
63810
34197
20034
4786
605
92866
26134
17828
87524
21852
38349
17519
89517
17599
21906
42228
52687
13556
32842
28753
52870
9489
19995
61531
27259
27497
17945
32799
26497
22386
30765
90306
56583
67151
95092
73539
60016
21225
91367
63891
59428
29715
97761
48944
63666
19667
91172
32704
33222
40365
77808
2443
49853
97802
80325
93464
25299
14621
26262
68147
53359
73379
74804
9941
56881
86247
83479
16896
7471
91197
80787
83250
20912
78547
32194
929
14565
39717
33632
64138
80081
11439
66580
46286
9241
63256
39749
50891
77877
82362
35389
31235
72092
10192
57527
28972
96439
57357
62220
20261
48554
59358
3511
85817
54256
52056
86745
68821
91772
36728
32958
88204
48166
15890
50841
73758
79145
6941
41000
73373
5655
76388
20959
77746
86580
78485
23070
99370
35842
85289
19630
747
60998
39492
86563
15253
91547
73307
84073
99670
26386
33383
4226
90903
65624
55066
64661
44768
62007
22012
34493
67661
14752
55451
61758
17683
50288
84827
17052
2481
86467
36681
3227
47464
92525
89789
79069
423
79447
79493
93
5832
12875
4318
13086
78498
75735
77746
39618
37741
16110
74110
21753
30861
45912
83511
48543
96199
84689
65594
98679
87508
18626
1905
51323
27502
8045
30391
27925
3843
9884
28017
26026
39110
48686
39112
33960
24420
33209
89929
78513
49318
80390
265
96530
26301
127
45072
38852
1168
27017
37530
88675
61995
55787
56349
89496
80183
3092
17420
84026
29327
61788
26403
68436
26825
65514
18747
51245
98723
25027
46109
64392
5416
62725
60922
48069
62852
22345
86920
64019
65714
40801
69045
27708
96587
41745
33555
93122
44836
67327
93499
74162
45466
19901
58950
72291
85415
77696
39887
489
2723
85995
64880
24490
48719
42153
72558
27922
64498
59477
8292
30211
16630
77336
74270
13216
19081
24176
22689
80268
91502
16187
54430
36968
36088
13379
25610
21502
7426
65496
38342
26500
51490
3221
50990
16560
45374
39899
44482
26223
15728
52773
72785
32357
46461
63406
45572
81893
87581
84613
62160
95435
799
32941
48754
36886
46319
74363
74739
53745
39858
13080
80244
7699
32653
47585
40610
78026
87484
85091
20600
3211
54216
93384
35567
17028
73141
97490
15272
60721
82102
93783
72507
82901
26724
21260
36138
89394
95622
10877
43138
51831
40308
39734
75881
72960
3670
16491
67337
91153
17933
87936
10715
88500
97671
46281
5527
70811
60123
37150
47884
42224
30933
20390
41476
74008
41650
93966
63401
53623
4842
22891
5454
61501
78976
81334
34461
82645
14176
1797
90150
32109
6085
864
20608
3755
63497
42487
90918
39971
95988
38801
98546
43272
59190
40022
17279
839
33987
97032
54462
55180
19922
76267
16680
15249
57600
67492
14245
71776
85641
4394
20236
8077
21610
57195
11831
1458
16033
2748
41428
12021
57900
39973
55292
17090
96346
72571
17928
46684
85954
88741
1863
5875
65007
34895
37475
38959
18738
51719
27086
20730
72465
47321
28806
94074
20867
56989
11883
36900
76088
69662
48920
33988
25986
20563
51077
22332
9485
85356
85367
95438
74097
3582
17664
55455
54828
55138
94413
73565
6857
21498
94295
95673
85170
39452
89746
6037
96440
17980
42936
72528
87641
8207
6515
13626
28769
57591
52309
38254
59298
54028
50043
33394
57609
67707
5201
12436
22844
99613
2352
46052
37463
96646
41724
22632
52450
47821
28668
48889
65800
87955
21416
69792
96161
27930
99770
41282
1872
68430
95887
61170
22457
45929
10915
80065
13635
16115
8852
52831
32080
11204
98882
69542
24201
56958
92173
76650
21130
37193
25539
3282
41499
46954
73073
54012
91236
89194
95293
9459
57624
91179
86980
96432
37107
97895
76497
50742
30361
85348
19924
78792
96551
18805
48333
37104
92114
56858
13753
13244
10402
39291
16525
51900
2597
5949
5911
93832
95143
1203
3290
52766
8733
90270
65549
62192
4516
42045
29285
51228
43745
49208
30020
56647
84364
94704
93750
76478
67913
7503
89721
78314
63145
6245
46566
65741
12193
52476
75924
23687
70031
95566
92804
95115
85835
58353
57306
6702
16749
86590
74281
60493
35797
20652
33492
20161
15356
27241
12990
99620
51095
2710
94286
14240
25306
40851
79980
53850
9678
55904
93889
96060
51469
86692
91175
53655
45044
48480
76708
61793
51422
50988
38637
3570
87992
72128
40082
19699
99369
53071
19318
66815
72132
13603
81054
97437
54453
77386
67639
64131
49641
61527
76542
17461
48218
67716
87467
9614
32548
64174
87758
321
31513
26394
3890
19504
14874
43972
39202
14242
13394
74872
81056
85526
88474
78462
99314
59279
55847
66952
39761
5487
44830
16302
22947
9400
370
10413
35365
32917
90938
23122
33237
38802
65867
53478
58306
80740
13801
13859
11333
27195
88730
8741
12720
93556
87202
12033
52834
59400
95337
8946
64886
56518
25247
4184
65917
25616
30948
1281
74884
21885
40754
8120
60686
6621
77950
35343
87360
91750
65554
15045
18944
70635
23785
31663
64190
10986
60048
33375
70385
71736
42320
51622
28253
67567
72157
10522
9534
3104
11802
84418
41340
68908
8889
18377
75528
86838
53720
79239
94940
35625
10635
13883
6259
34419
61898
86801
61756
38297
20175
48492
10032
78847
113
38284
62765
72269
48805
72298
91724
76959
73067
33063
45866
81956
51440
37745
85145
21511
33335
80084
57135
43970
10319
63393
94740
88568
66545
56496
26864
86720
4987
36895
81918
21452
91530
44682
93720
56687
33331
85444
49997
6398
34858
12214
4705
86297
66310
6201
7807
15996
2637
64941
59965
12955
44686
71057
1522
11230
27552
44737
14301
48890
97983
12570
70341
89512
57251
80413
62550
90582
82208
28898
13331
17065
41111
34387
3362
23772
40587
27520
39768
59575
8813
16084
72529
53498
87140
90402
81079
14691
35138
11732
63581
33120
24301
33921
38984
97904
30685
17885
4837
12892
46783
34519
29957
4245
68905
49670
28017
25843
77189
84136
85418
86001
219
74298
55850
87359
64700
53281
18401
16189
65012
98333
65661
5664
48606
20996
19919
79290
55232
24755
92182
2014
59273
38490
22611
28177
4511
66979
70372
81699
51114
55789
84052
67684
30086
56253
55042
11137
9533
89795
43678
90896
88127
9338
96560
36732
46685
16478
16022
1916
57585
24555
20282
16857
63044
42892
61386
67554
26222
31757
65604
93687
3897
66007
61370
33982
22260
32764
61471
31792
22558
5148
39040
10684
14485
35599
47416
77521
68428
79789
79436
42364
4343
99717
59221
83738
58960
36958
67643
1533
85066
33246
95219
88962
99253
56589
39295
37864
89352
765
69655
11909
5912
8694
38944
36748
60644
2711
14268
45424
82499
93704
87787
3193
9772
63359
86930
85084
16668
70924
86616
1733
4170
81835
7046
19774
54775
46341
57637
44126
47105
43643
72386
53017
68689
27681
89764
45684
30392
20384
7459
29242
14087
95246
32435
40210
74956
35716
25293
91624
22992
28261
9708
27161
26447
16754
63286
81221
63094
37274
41698
26550
80916
30435
79566
65956
58115
85682
27992
4858
6065
35450
34100
36503
30695
82886
76712
22003
34953
18357
13626
57944
46617
23333
1456
89415
56438
64741
70635
19531
2014
28684
46081
99282
59118
41998
81589
33584
44031
9580
38442
66447
45030
88893
2949
92076
71778
96013
30430
6730
30721
44055
81026
77337
83740
82481
83103
56529
47222
53737
92412
65587
98772
54844
81220
57889
96841
79161
7824
57224
88740
46265
23670
50121
35157
42971
58549
23286
38983
88978
30016
86055
49385
27393
63391
49476
9873
46493
6004
73446
16581
98415
39033
15352
53258
36604
89592
66451
15764
97415
23674
20856
60032
63695
70976
11540
23017
45876
34826
78351
34854
81193
64405
590
8585
27795
50065
18457
90639
72420
91903
23571
70835
47287
55274
40444
242
61217
6894
32358
74984
46919
53213
35015
26966
40540
62906
49982
86416
97731
28333
37621
78923
92737
54562
3859
36884
4626
22316
43874
77045
30570
67445
64231
94208
39070
4675
94449
287
27920
43158
91622
74839
96370
26636
1804
53262
89541
68137
56029
3624
96469
93649
98898
89206
48210
2757
26089
69187
25072
86314
62583
71993
70110
26814
66200
9180
31488
77000
25818
59407
20158
17439
50597
32879
60426
68752
86140
66318
36889
42168
69941
33357
52168
68839
38914
16729
71595
81354
85915
13018
67668
48498
1362
37777
91663
67561
46956
39502
60912
89125
98908
97421
6563
65857
46652
83340
34608
32791
49658
71496
91311
19598
21205
59830
4788
60118
76559
92734
41472
78825
5751
25491
43674
7112
63267
35336
91024
26575
74837
68288
15699
90097
82060
38614
55953
28711
21953
6912
77854
87962
94760
85516
7560
15964
45345
28699
76081
21903
21433
33904
728
43535
59394
44401
66999
39013
96089
74374
81939
87277
59013
13989
77373
41073
52602
49677
86135
90907
72941
63988
78868
67700
65855
2779
83663
11200
47830
76095
33102
69262
26351
50181
29148
2096
10934
12498
41108
23374
86872
23046
10650
45884
37035
4375
3308
5988
54051
89443
13246
26991
69782
8466
94690
35637
27596
94704
46836
75425
70799
96289
61038
97149
46470
90186
99244
73755
2683
56704
97128
5906
96101
7777
68142
33135
12151
71449
55475
82554
60891
85072
25896
47025
93537
36938
99013
21133
31641
45848
12909
18791
58488
73947
15939
21309
80484
31535
95063
99518
88238
92190
5424
690
16319
73565
50177
44821
61365
5651
27374
38608
90722
69622
85632
611
6559
84644
38095
38199
46843
51003
73342
5330
24949
89280
26639
21784
37166
21701
21302
41755
30243
43077
42445
62913
32993
92621
7733
94357
14623
51459
32964
21696
21080
34947
22306
43990
19590
60400
98540
82784
11403
71881
88114
52703
77513
31104
74487
14678
69156
12140
72785
15750
55216
15229
78662
88208
24201
2747
98916
38823
54205
31880
60518
91636
83178
99176
35625
2768
59575
34164
1903
87329
6045
6368
56384
83557
37471
47222
14586
6627
59361
87370
22376
30928
2598
17390
35487
43150
20136
34402
81972
90692
82633
58842
82327
65811
58017
17951
84930
33943
68466
3184
37624
74510
9552
10359
74418
47022
57580
89004
70000
33292
92725
8728
64219
95323
26117
16057
54824
62604
66810
36796
53295
65795
11989
35621
47957
86357
69923
49238
20299
38388
52421
74274
29250
61972
84632
3667
25346
58563
9022
95345
91854
1747
20424
72424
13421
62892
4832
68244
25495
71642
21391
95141
53788
49731
30761
1744
36087
17035
50981
72738
55423
3401
47011
1024
81725
47995
21042
7070
6557
30064
18766
14763
48162
39190
87186
61582
18433
92018
46177
43928
80011
83920
55420
33798
33650
2533
51893
69737
19567
2873
42474
91341
22625
5836
92364
20701
53830
29758
27770
76739
59821
62888
91501
24334
18429
95038
2267
36861
3407
64795
97140
99769
48714
52560
33566
98716
71444
85458
68452
91010
4682
27277
98703
27307
49464
7418
48007
19646
37175
92129
96384
13347
71368
4236
37680
89796
15625
39946
43008
19032
4741
56500
18800
69806
25411
68718
68521
96854
70527
53324
87863
75209
96952
86565
18867
46416
93983
83225
82413
31157
91705
95148
60856
63072
99383
98535
69219
31359
54833
28579
50390
75925
85078
85542
45730
10488
54259
30603
7341
24785
83926
11555
16345
97230
14472
35211
43645
24806
18436
26057
55962
26492
37556
33169
89564
36938
31704
75134
84648
2888
3712
35038
78812
5141
36931
40893
15628
91189
87847
39320
32325
88125
50875
65022
85354
65346
232
45350
90151
35019
87758
62464
61511
25313
95633
67426
78602
43688
58911
63249
46575
78975
98286
25386
84115
35216
82630
99743
42756
70477
39062
91433
58601
6288
56454
43954
87985
73037
89303
78135
8056
93412
56951
85918
18724
68935
69695
97325
12622
44957
60573
59196
23931
75211
933
8046
26778
99914
24140
69534
70390
63201
77318
45342
85841
33771
5647
73825
23159
11301
68312
47566
4712
25262
33483
23435
94196
19529
37111
6817
64486
97684
82364
88416
72894
99648
12813
99671
99561
36952
85556
86303
16505
79225
47996
2345
29347
53643
76169
52506
81295
44480
71
86007
86093
33554
25793
80288
69434
62904
3456
50271
76939
2171
55039
49832
18170
67851
65854
34083
4803
67762
20385
21307
46986
84732
23651
76333
54726
16171
28838
36021
77003
28908
38379
79447
78813
64171
59735
64599
43426
79542
14869
20364
98065
69907
70195
16234
37758
52401
50316
58912
36514
87052
80218
83499
88136
20220
76183
42861
52742
21372
78881
29744
66632
17259
9191
45444
97782
85277
26394
41207
81170
41263
61571
95586
27521
48117
28172
65278
16869
94839
24189
53382
81891
20758
53233
70026
40977
29415
29238
93719
67139
8119
39814
33770
41729
65356
95565
39510
50632
21959
80717
48154
79573
42287
43739
7093
6755
71910
88723
23624
66749
29263
77005
64991
50021
46589
51368
7349
76004
80605
17419
59494
5075
57233
93263
46804
38940
88827
86313
5924
27137
83381
54077
6709
42019
14167
30154
48774
2429
18876
72397
69177
64490
65753
50519
14510
12342
18238
38211
4697
15194
55629
80542
20269
29213
73804
67072
68153
78982
69736
74076
6119
53117
44504
29179
95135
58670
75684
60260
61098
94559
49008
46626
75401
31113
13496
89910
59806
31733
28120
64502
46927
101
45043
67195
29313
35198
50618
13817
14179
36705
87892
36649
6173
48747
82180
1308
7417
57863
77919
84866
68774
26927
31492
44174
58039
61339
50435
17844
93072
94907
98697
39998
11359
60091
23544
40671
11640
90513
70840
42170
27217
75083
95171
33390
23830
77350
51049
47598
51564
28967
32463
36689
72245
80306
97214
46635
41645
64001
80830
34716
58907
95878
91065
86617
72320
30960
43639
83959
21472
14478
26129
65040
89561
21299
98429
29742
15000
65829
77339
66563
11148
9801
19604
83392
6459
16817
46379
64455
97169
27208
15522
56075
39438
6586
59043
11757
53897
2682
95716
75368
17159
38196
40407
23071
59494
55188
52812
90845
21016
30150
57407
32163
56303
93362
31907
79113
26531
78285
43567
23699
21844
59088
96126
77633
65673
55168
89390
19569
57849
1457
11288
91360
39652
51694
14430
99145
23233
67242
89989
44249
97391
63747
92763
70045
73461
24669
49157
99991
19305
92723
40041
57501
51810
36166
35133
33834
7686
24522
69754
81886
42330
81041
73245
81981
49087
87675
97477
88671
54916
3817
32919
68658
67564
25682
55055
57376
66702
4211
73718
2359
13286
13758
59859
65095
66276
11343
15281
90313
52217
85034
72198
94546
82427
45443
76527
47865
33117
74003
36535
4384
77820
85806
89393
61735
27839
44447
35462
94540
65010
9179
13250
78295
22936
73108
43389
5563
803
75021
95875
53019
76407
68073
47564
58833
29867
40442
23049
79335
30797
75935
70
8616
61740
89462
86702
89578
50261
22163
470
15270
31341
13719
93564
70628
3179
53304
92543
3981
28325
4769
56999
4731
72841
20914
79915
19059
61356
19315
98393
92152
95249
98462
17119
56989
4276
20172
62918
54536
42334
63387
69805
90026
77106
79720
77005
80284
33023
69547
616
77699
74316
73966
98781
63508
94879
78695
98919
72586
98009
97311
81089
9610
12125
14559
66598
16400
34730
29515
87287
93415
92902
73443
83440
86359
53162
76797
82994
2536
46343
83609
80235
37010
73926
95367
16870
68804
74062
15788
57742
88422
29450
55182
98031
41574
69741
80980
74325
20822
26847
77963
14237
36100
51405
14028
22458
4566
90824
21803
23454
53519
21763
3688
90528
95688
99054
23749
80843
89467
39536
38584
94241
68986
93766
8623
26911
79858
5955
1236
679
32801
79198
31267
68900
46955
45295
7709
51520
36118
29511
91325
5988
51273
95012
12868
63312
10418
36616
44154
16236
76152
82738
26828
61489
92855
35451
88399
72712
57757
5986
89742
90557
1536
21009
59456
48490
66303
67164
16361
18772
13026
7686
24760
64298
19049
37627
27609
29466
90594
88114
62054
66745
70851
88881
44585
80057
40683
32984
69120
98439
38969
58862
5347
40504
96222
64802
5345
62524
48317
21706
97647
61342
29391
38758
41991
48439
92736
85951
94257
83330
90417
72662
66426
61267
77894
11011
57676
18577
43994
26795
33367
99314
2008
55066
56170
98229
36219
61514
60752
84536
83219
74751
62229
28961
13508
20572
93752
22596
22874
88008
5925
13290
77021
72350
90909
54914
99712
48584
89842
60057
91730
39561
59371
93738
94626
31892
91966
30844
93405
69070
31731
92976
43820
10312
38288
73679
30883
32039
12626
70108
36398
18550
99750
13418
7252
90658
68332
6963
55593
58173
83372
47322
97733
42742
41059
8710
90985
49377
39554
741
18446
87636
10068
78617
97947
48356
68647
45181
80394
81273
15289
16792
99822
15038
46561
23425
22047
14892
46740
77639
89417
30111
41312
3501
89204
98723
12211
80188
48099
68116
97280
66544
55751
7348
61512
53698
55703
30158
98878
52448
11430
30518
85591
27604
61907
32152
67380
305
47043
30471
94295
52811
60581
35607
56312
66136
50681
84874
62675
98779
52989
59955
81674
25091
67302
43185
95140
39356
89694
10370
91803
17476
40887
77394
61431
19146
9545
28810
19450
72939
59281
13745
25750
36213
65703
98413
2349
16383
99638
81375
31513
68978
41329
13186
94068
24982
72722
89208
64337
78767
15929
56140
96242
56815
49885
57672
92312
59429
2834
11762
48719
62114
41858
90820
98326
23912
5584
17026
56646
5221
98401
88158
74198
56081
17695
84618
81063
6768
90177
45399
85534
6105
17890
81776
79271
67774
55799
71583
43554
58632
99696
92273
37097
57905
83092
35423
81816
88676
68800
38461
10248
83552
42970
798
39633
60664
85415
20695
67431
91943
66093
69316
14399
335
51091
93669
68108
23242
81603
28014
81873
97650
20286
18970
55554
19729
70744
53721
24756
55895
8533
35004
39447
51502
35801
79079
28517
37567
99773
12299
29509
82217
81615
60259
82551
49057
70279
67011
72298
51882
95024
70523
65883
31661
5844
37789
67741
76587
91509
92497
48833
16394
27500
88279
67895
79652
67357
96412
17218
67129
25062
63078
65698
6676
23336
64600
55733
93614
47962
28030
61847
42985
14904
27730
90997
20747
81870
58738
13685
73378
67586
62518
89771
95085
50796
74018
74736
18153
86781
8305
1633
11842
71382
83682
18518
11069
48282
90602
4682
96243
34983
82881
55580
49887
26962
62928
70633
8831
38017
670
98560
5602
63187
88331
686
30334
78700
91773
64838
81832
77
66471
93673
87810
66504
28542
98878
14785
19143
19912
27380
54126
2792
82959
4012
46105
62238
90996
54935
255
91665
53494
5856
71203
58176
22894
1537
53227
31018
66374
35058
47447
49196
28731
35256
15700
73624
50486
30484
92767
70397
74215
46892
89540
73525
67255
35644
35763
74602
6930
36017
66267
76775
58224
37469
34951
81117
39005
4529
12135
5379
39587
59581
54574
84669
11188
86625
58292
61673
17109
67410
48421
7675
30653
54312
81200
97907
6307
33314
72509
13236
69330
55127
90011
43905
92595
41313
25022
47952
45841
53508
69682
1779
29440
40607
86447
40627
27232
61091
18652
60692
28500
83424
68366
59153
37736
65917
73411
44042
99230
62271
57278
84911
17397
63640
28816
26344
21304
70189
74295
83496
23696
60328
85275
69487
934
88073
10113
44517
65515
45116
5208
94015
28540
89926
69519
82627
55842
42929
26668
55072
5200
297
39982
38948
80288
68797
65291
1591
38985
55937
85087
79032
16264
86713
48518
33550
91137
74983
78066
56652
36450
83274
67018
81341
89551
36536
63967
45392
95816
6987
16815
1015
7283
56797
56315
3923
41945
21605
5513
97282
77542
6951
92665
93805
93663
41183
27354
1152
32517
21772
57803
85318
21397
24820
66659
10947
61355
30625
56338
73522
37611
73153
90889
61246
46301
47203
65168
88245
68807
87032
1878
46348
93983
94543
56505
3997
52077
210
5148
945
21981
79302
86262
43377
4121
52920
70675
81827
99897
27013
55349
53859
16517
46237
31456
62817
93439
12975
67413
78597
7
85643
24945
10341
80185
97801
30689
48613
98010
52189
49557
36343
31490
35818
96071
51963
5090
66746
33789
4986
10110
5489
58844
42978
51725
6652
5794
61515
19626
89558
40112
19632
75200
81408
46324
55384
79208
77013
20348
93569
29201
69904
46263
60690
22074
42334
12652
27163
25431
62793
48500
51892
68281
23695
94869
36358
30346
17014
97872
49972
6571
54335
85955
81771
35742
32279
53506
31301
9291
90206
24870
38491
60109
71132
15532
98534
29817
44536
25696
71599
7328
90547
39842
75608
14242
34710
28317
60939
51723
26189
27262
74646
80523
13217
72768
32617
45495
42625
63917
71137
32830
88786
25979
9291
76270
57862
7824
22438
2397
49872
10389
9724
40418
50230
1684
71011
84940
46352
31950
53014
72540
59211
44011
69415
88779
16778
18383
34273
59403
82299
21761
8584
87437
47739
17874
80058
5601
25698
2495
24349
75569
12883
50425
32338
79465
68460
3349
80756
14811
51650
33769
87351
10860
94132
73117
99639
10909
91499
50263
86663
90149
88376
95247
77585
36114
29472
57642
58066
55169
76489
98767
47089
5723
49191
79427
85187
17650
82775
65942
32460
34424
16063
36162
61635
10194
25630
77625
37454
33480
44240
40469
23629
32615
52067
1213
85080
81538
75207
59498
53059
68047
58264
147
73769
7454
79573
75308
41455
78699
57601
90266
29474
90015
26428
91109
208
68409
85085
54014
1889
29324
10834
25517
61938
62900
43081
63370
44437
34639
22867
97495
2685
81130
13994
92806
4935
93566
84465
62741
88617
42065
53006
18090
32080
95785
9198
48639
64194
10635
2652
66082
39958
13485
7950
18248
92736
67382
81617
53525
2021
20835
51019
21057
18316
81364
30214
39602
74930
14678
2342
63546
56743
55347
81635
5174
51132
7185
53812
31677
17819
72816
14110
74128
2652
22059
92375
95388
5792
90343
48912
24164
11177
16282
45221
45844
97646
75434
85445
88927
6464
87786
68824
63206
59485
66810
84731
26968
90346
38542
58644
24516
27709
72753
98644
30361
11163
7370
42100
33306
97713
7363
57470
25241
39996
19042
71085
53993
10827
72881
59271
17290
77019
28094
96847
36503
11256
81577
63470
1601
36471
38465
26117
64179
27569
24760
10891
55083
48481
52990
88388
46193
76704
45857
87786
16700
81250
58870
87044
92077
48102
46315
9366
25120
90760
6213
61622
2015
4141
41443
19968
40611
96259
46084
4790
23827
87195
15680
78909
35675
85022
83649
98220
61725
45857
86005
94776
27107
61226
81820
19183
9327
44486
28548
50799
35245
51112
12420
37260
55253
70215
73579
95863
66473
36014
17004
6652
39560
32684
85560
91586
17705
85560
89805
95781
31417
92161
90557
58523
53386
88728
94057
79065
33213
38956
29863
68457
90068
58634
22068
61672
45200
95646
73886
11673
48011
90890
34676
87570
23573
36587
79156
57629
22147
85312
69761
53563
77473
60317
28437
47210
65396
38845
42626
98608
77800
72488
83417
84219
47474
5484
45890
92673
17482
19776
20697
65492
27017
71724
69414
66941
8311
48569
24569
30457
50232
94329
371
27704
70998
45159
91266
36393
84003
33891
51353
61802
22731
34769
62373
86556
56604
8262
95580
90437
44389
16277
55929
87757
88000
41694
54697
12662
90262
79265
43118
40493
89946
43488
84549
77295
88646
92166
30039
89000
26056
97743
67154
48786
32511
29526
51693
5467
54139
47273
95903
14880
63549
68183
2636
67900
9876
57333
80562
137
52949
40031
56982
59246
99871
57882
52892
4868
50047
82931
93868
92454
80673
61021
57592
29536
6898
9284
35002
61036
56556
47256
75915
36456
15439
94903
20708
25314
52235
17621
41803
21535
57651
98784
80781
57521
73017
33672
62389
39415
32954
72608
31868
29979
33628
89459
59514
40525
98743
10867
17912
55298
58122
10179
91754
89912
5081
12461
15226
73667
30081
57028
95201
87731
72163
92333
61604
45179
26005
40344
84593
75310
12951
16460
5288
62930
22271
81153
19806
21013
8371
54069
76310
82845
64247
84415
72756
69327
96875
87981
59345
43307
45008
54546
47390
17170
63230
25345
78700
89234
65688
79644
80896
94990
96104
86183
57919
34726
67336
94076
55738
92058
48144
48399
74902
12391
32814
47658
98069
46040
51990
57414
5699
96998
28311
53088
30519
91540
94784
9219
97126
60471
88862
78021
55460
1317
80555
29730
36042
47890
23805
8131
56300
88300
56530
31201
690
5695
95210
15111
68086
47200
72524
90136
60549
17186
43223
91067
25077
38006
16637
38554
14828
21851
16574
86639
23167
97129
16368
75561
61370
56524
83691
34021
44824
56572
65222
61865
78618
60431
76975
63056
23982
65850
53191
84530
83035
12766
75597
24464
67123
8585
63017
81951
30435
95943
68589
53602
9423
1309
45514
70792
74184
45556
4813
19007
18480
86386
80872
97097
63168
74198
76504
87150
40048
29695
71679
39434
42460
63627
63897
9582
72212
43266
7884
18998
39208
92825
88951
48630
94133
34464
35773
68316
80020
56937
3675
14851
43322
898
11947
22842
75095
88451
9991
15142
34497
98021
70928
76956
78000
34824
2889
66563
78089
10773
85560
17296
3597
74511
82277
97729
25326
18050
82396
5345
74986
2422
20195
34660
3319
48494
57501
94766
53296
83843
9907
87792
81863
80834
81099
76214
32010
83987
42776
26450
94759
44688
60098
98355
19198
42374
12435
44523
60423
11183
66220
35409
13604
2766
86420
33275
67611
43920
28040
20906
27762
54298
25049
25976
51484
6147
18542
99845
90134
61317
26294
84892
22356
86391
99599
57905
28765
28385
2428
89187
39567
84999
40947
69523
4116
43718
19149
71727
87637
47188
8984
31750
17837
34033
74078
85672
56531
92619
85516
46664
70287
11810
47908
92643
14552
47506
50547
43316
92242
69326
48855
31809
70676
6153
17683
74792
49871
36831
62870
53859
370
71853
1961
34558
22237
76038
20230
78768
85008
5745
25431
55294
33906
89690
64288
48458
53547
31187
8125
45789
16864
73331
93949
87540
79484
11631
78683
29354
48461
41552
99564
65182
13404
1524
99739
35641
77561
19968
14408
78920
42065
56190
34214
92322
45880
14853
57131
15778
62391
65256
61566
79255
38586
55514
83146
18069
67144
61828
63774
31956
19731
79690
97137
49486
81213
96876
1478
75126
33195
15885
54045
75259
88427
4610
67581
50658
19463
24711
66435
98205
6318
28001
77459
44904
99866
76956
79324
83362
55135
59450
15317
74865
55491
28806
24351
36703
25681
25828
28180
75227
58065
82225
50486
62843
3186
34418
13500
39000
75480
96286
37205
81798
40638
31015
43053
40504
7971
38728
40217
63105
14529
55533
54322
70019
690
95024
23074
42722
37203
67605
17949
11619
66181
84786
74461
69367
35555
4312
8366
11034
598
61922
9183
57587
92937
68587
14442
17259
23667
54658
96715
54547
26543
51036
40918
27232
62411
63991
69954
99614
47947
4254
27584
14128
89039
2045
83494
24593
22708
8211
51978
39657
86485
61161
97244
79421
46099
11685
96679
69765
66343
9745
24312
9237
60781
65229
36468
39543
45571
22773
55508
93517
27026
83092
23996
16064
85136
7489
40656
7843
32052
8986
63852
18536
70146
61095
14308
32596
89131
27338
2361
71825
37082
43024
81061
14214
24604
17529
53757
86526
56653
9264
80042
83679
92355
4038
99742
93842
27878
56750
18037
76281
65735
81888
11168
52232
42982
25475
84827
48464
52812
3539
20289
89894
62914
1349
4107
87517
35229
74215
74042
91882
83479
70436
75560
92185
90825
91653
86027
18702
64754
4063
11335
46840
2302
22502
99071
45283
47977
250
10098
17140
20140
30386
23385
83054
48087
43844
70570
83315
18058
60964
91548
17888
31399
83459
10073
22223
75112
96099
57276
56217
16513
68610
3057
18814
91112
18479
80448
55440
35080
90545
72579
55220
20931
95964
38273
69017
56159
25194
68683
74216
86157
60231
92104
17555
43689
2176
56129
35152
14626
13405
91369
31138
82014
10777
49951
89477
45607
30398
61268
80687
37294
33847
35906
58224
46162
90530
43592
2320
15723
28627
92887
18232
88857
84990
52138
48897
3517
8267
401
18142
38023
8121
49279
36388
18897
15581
25865
64503
62330
3484
45189
99624
53682
97446
74199
16195
87975
34143
34866
20050
62769
27753
38281
67977
29094
90418
16873
32611
15036
33625
50752
53058
41745
16383
5798
60641
31963
48014
41496
10645
51497
86684
10268
5179
482
818
21373
88456
34960
56239
24857
97728
83991
63137
82056
13084
69907
15281
62046
1294
48905
12798
70704
90650
45532
76501
51290
77494
24514
9137
88138
76010
12173
14757
97540
12654
15575
18913
17461
50534
91503
42318
64614
75493
21806
46669
4928
8064
61949
66974
25710
10854
96123
96413
17855
41654
89265
85496
35499
13778
94633
39989
6139
6805
71097
3679
35810
86671
38943
53270
53557
30445
11939
34522
22289
50097
97542
43568
58160
59491
26893
83869
86696
23015
96633
20902
81020
85897
6397
32871
99674
1029
72859
22165
24185
43955
42195
59994
46978
81137
13264
16886
27933
41554
51407
50221
91650
48948
10140
49810
24790
37033
50030
27837
76399
46663
48738
73771
32559
55135
6641
48585
72515
95851
87101
96700
56157
29295
73045
3134
26783
86308
36371
54715
44214
87777
21287
35863
36725
31426
2024
77866
68458
52054
5703
61209
15068
54440
34979
63978
25926
41619
28914
98441
37469
16014
11492
9977
45308
84536
13111
72090
87196
49481
43156
31409
53610
64442
83623
6686
95868
85647
84551
80677
54052
6605
41885
69119
77397
93215
33096
3322
34833
78362
18114
88653
94375
45957
98630
39683
30493
28092
28124
34040
93924
71280
65448
47533
35721
49070
70570
47940
51068
55121
44969
5119
78077
3205
74237
55473
96420
23685
75147
31252
2046
93260
36257
96420
39217
51238
52454
86061
79329
96930
20100
73252
84561
85547
37137
36633
50968
7706
84573
2036
79178
45893
7154
57255
49097
97743
12727
45516
21427
87873
93120
39824
97485
45728
52595
36701
96965
21401
39113
76293
18330
59212
65896
19242
61110
19384
55874
28429
27090
56798
30464
22619
2690
53970
79873
51787
68064
8952
13654
5842
96824
23125
45665
10660
68852
98259
63712
65816
36011
2824
58460
70692
62035
40708
89933
39496
60091
45807
67925
3532
2604
14740
42503
21646
85061
22375
89784
53124
31326
3437
58965
44502
42914
4629
55161
11765
19240
18873
93933
71602
21696
68744
42294
83
9451
32226
39578
85894
94384
23854
5777
13340
38594
48279
34985
23654
87006
41120
76778
18331
44556
52094
79184
3821
56723
50697
15586
92314
69569
25870
63915
7616
94613
6208
24050
20416
54786
79980
6309
49169
3833
28437
78860
58778
76716
13844
98784
63721
54963
91913
98403
15871
44006
93939
19691
17080
44635
51628
9393
30555
93849
89660
54522
88462
12219
94924
25229
67004
74903
47889
32525
95087
76325
11384
70217
69392
41580
69000
49464
12894
77264
47867
45116
21269
58157
64807
54701
2791
32786
64093
49697
26635
70104
4218
31448
82323
99141
73028
65678
90395
20916
14554
85482
97240
42290
72050
82984
83869
41049
32447
96762
34664
96665
41878
55932
54821
23036
10632
73963
72173
91077
23659
15159
77532
44229
62958
59854
59721
35985
41884
50116
56900
72789
51949
70492
15078
23998
53475
98946
81398
2273
12060
16061
98938
70289
88344
70110
93324
98976
44073
81848
6404
84083
97007
83935
28311
76316
60141
88032
12301
18376
54499
85552
91164
6447
56043
6242
46796
25869
21539
28193
44494
33598
44253
43431
3886
48948
29892
13561
64275
73964
95409
70678
74399
8767
70965
19061
85082
47457
7092
13734
65832
77942
99286
73347
84388
71680
79588
31183
13901
1127
75727
58394
34724
36331
18176
54962
85279
48067
68522
49553
38383
80282
36583
12781
89048
7547
31841
90482
71355
55285
4215
37186
49578
3500
10532
33966
91532
6472
81500
5432
23950
73579
80177
58673
9909
98352
29986
11539
62770
98508
77444
17504
78789
14026
30284
84189
37924
78477
74670
9278
50113
78884
62815
99690
98736
73346
50007
90267
96169
47859
12050
20118
37789
92226
95143
64049
6929
25128
75588
69698
39987
53031
87202
35128
83408
33837
19316
21331
28665
93985
46960
95129
89220
9774
11171
87955
83119
77529
94573
95640
41739
6622
15757
79527
15199
10899
43576
22127
52379
19163
8177
92365
88545
95378
27492
71952
45566
63159
9634
90583
73495
56593
85711
62715
66366
13233
67021
65836
90762
77946
61475
32500
84567
93584
12027
16118
4482
71954
38244
73212
91116
62772
65577
96012
74501
9420
84315
20067
88931
93948
10649
62425
66892
12711
41491
33257
25944
24864
15444
33057
2809
93271
65556
3727
86854
93934
19844
7687
65887
74440
80899
73354
37211
62827
69365
11712
88598
70031
48130
77528
80330
75130
56305
47221
4192
14147
96829
30135
39010
12273
79543
58170
5543
45099
61897
8748
55384
98092
16434
21271
88883
97332
10976
42446
76510
80341
54157
65108
66723
18638
42635
47053
93767
15291
94273
14310
29438
7454
60797
68447
36078
40339
26617
41620
1789
4865
66719
57173
19308
83152
94795
8191
80484
5770
66988
56993
2462
37496
38452
69185
56133
97439
16237
66251
12729
26861
80560
42166
34314
41356
26965
70391
98047
69933
28362
99835
74797
95080
57007
10456
94584
51801
34998
91419
57571
1985
64763
60032
39480
3215
45568
11964
653
61804
78214
13381
5017
75126
55547
55682
32833
98863
42425
30879
68795
87138
47066
59943
98570
4072
70398
93153
72225
21748
84571
46147
23732
49333
22530
79564
52547
68098
91527
69551
46253
86093
82932
51269
77570
54830
6951
26754
53692
65727
57633
38838
52864
21050
98780
51433
41473
85529
44585
13697
7276
45507
76195
47360
11192
98725
26923
80090
66822
34801
49641
13074
20893
48924
80695
14814
20105
3997
41568
90148
69723
15552
28985
38938
36601
27764
90371
78073
13292
51307
8122
36920
13166
84316
84279
24357
83040
11201
4446
66213
46001
54086
95639
83246
19361
76333
98059
39465
96681
39626
29612
82755
55177
58596
21692
8129
2711
28414
86202
16003
96073
94323
69274
9238
94990
53552
33594
78030
64752
54391
60594
27104
8477
56232
26701
44189
48916
24760
83654
45596
80737
13265
44702
52266
71861
66394
60394
90923
11159
62947
23277
7231
73621
92550
16468
68611
46101
66413
62992
27204
20804
23585
70660
45632
96169
97360
89820
45084
38471
89825
7032
19208
3090
51733
87825
91302
34478
64570
82224
61989
27517
5501
69219
17489
98050
2039
2451
60503
84803
65442
87706
21958
5379
74717
67589
1547
72077
73761
62982
10547
63585
70013
46106
83026
38098
33930
74327
88927
98500
72903
50915
42368
78403
36486
76208
92804
54876
78659
69658
39678
60452
73716
61636
65830
48432
45576
83728
20508
35688
46710
47407
99273
33074
93512
82298
87523
43794
72977
76450
58645
45879
43716
17364
40633
80201
93571
49788
35076
72229
19446
91106
32681
93161
69093
14862
57944
14668
98590
94804
66708
61651
42210
65980
94724
52073
64629
82247
12218
53957
75048
70862
16187
18763
4577
73171
15316
98148
22959
50391
86728
58756
57848
35760
68268
26940
50622
26211
57960
65563
21014
24667
27213
79575
6998
38288
31648
87978
20534
60217
41935
95581
47431
74473
30696
52007
47644
46011
66506
70602
12753
53234
45709
70601
5345
13976
13892
55966
40186
71851
37880
61200
12869
65092
40774
36218
19732
88773
24196
40265
48990
82482
52198
96420
56954
99245
64778
20949
45255
31284
91550
74359
84517
37258
44959
89861
67585
75203
62179
7771
47053
16410
85322
76274
97854
42447
12491
17585
31220
53038
74201
96561
35519
42750
92980
8825
41994
57757
29773
3600
89040
37675
77959
89908
91284
22917
96121
58869
14471
74651
66639
61524
7412
68312
54149
5265
10758
82991
22849
41977
36029
13402
38537
71547
56151
47868
96723
98145
21977
26496
18096
27368
80522
96054
33628
71805
35323
46100
30673
49793
37102
13663
27668
44513
81974
81816
49778
9084
64807
88978
51060
835
2379
5949
88733
74882
70168
85456
73026
8496
28303
91121
35864
8824
3527
85843
80628
38849
31942
27653
88641
69043
57667
16309
13555
55993
14476
79684
65076
79282
68662
32487
96468
87392
54787
1553
62273
24955
3360
51650
33450
31662
59123
85665
40485
62649
87859
37464
1497
19800
81468
6489
5194
39135
22797
35101
11479
53625
14784
76554
49258
99797
25392
45726
87189
80179
63630
49461
5133
66989
17463
54934
98650
76585
56951
55486
39233
44809
9301
57081
80961
90769
63569
2506
46255
2718
37606
57733
56342
68742
50638
5599
68538
92381
67676
72078
72559
31305
37891
94043
98293
55353
65329
13294
31937
22279
68779
87521
83439
78080
44601
80751
85200
24521
83257
31454
27238
20862
5538
83579
89603
72527
89178
74493
64907
56853
46570
53818
4510
84460
47860
2802
39812
13188
16096
88100
51818
1226
75620
51609
79305
36572
32359
64504
61093
15615
12309
4682
52829
34198
88261
58783
6724
93790
33275
87983
66994
79845
41800
71503
80656
6011
90657
36820
35551
6752
41271
3720
7977
16891
55328
3634
69814
87687
84489
47258
19653
96798
51940
88833
30995
56552
47616
54071
50341
80890
58405
33686
77086
204
5189
74094
22566
95845
10913
58116
18948
52183
61836
43276
85425
17163
46909
71591
21201
31398
18848
57206
28195
87139
46038
75541
43690
93653
45963
94030
90895
4367
27716
84332
20922
49256
58425
43488
61452
85689
17955
80399
54224
79790
23674
56000
13305
70583
27590
50857
18332
62790
8062
62878
49928
54100
54770
93618
64104
733
3999
71350
21451
48066
55682
42373
97321
30458
2212
75124
16147
20166
55522
86722
99956
95548
42721
29612
82482
86663
80468
813
65804
88530
63690
15731
58981
18459
25700
39436
35543
46051
10786
56994
94116
82819
15718
7789
13276
17929
82912
45774
38094
54786
48847
54401
50333
91568
364
49166
94582
80832
49978
60385
85713
30019
92467
61045
64829
34519
480
372
80569
27617
57365
74684
10435
89434
98824
23711
7362
81736
85836
61807
52873
34683
32560
3205
42602
32923
52370
37183
13754
18699
13919
15818
48717
6385
76862
13545
40903
77342
13916
37823
4958
87632
12507
15393
77065
11330
55455
778
9417
41290
62585
62289
75972
95144
81845
18573
44418
50566
72107
74524
69264
86025
90341
34332
8762
67203
47877
66016
60896
78144
3839
65853
82128
32697
97597
75544
60378
53051
76322
86147
10693
55258
48435
3016
66753
46632
37941
11170
97197
10047
85693
66461
12424
76034
17144
37537
43236
65020
19904
4131
59516
40094
86335
57995
72790
284
33538
49520
69686
26211
35666
80378
81468
452
99746
48220
47083
37686
75742
44280
47732
61434
27092
76507
53819
44235
14043
13406
25607
33947
33888
1474
90392
20223
59468
79534
36858
9357
29053
6543
35568
81070
86921
33387
81521
3018
97959
28604
40703
73700
89235
4786
51485
16326
81293
21656
76912
11687
35061
18870
61985
68949
20343
52377
5523
96162
31910
58732
21871
77314
65274
73790
58383
68546
7176
39903
71563
21486
84858
12265
95185
74092
17051
63022
6769
14695
84677
83681
26381
36089
2550
4718
21389
39245
57094
43263
51758
5355
1994
73628
82668
67268
47417
41050
35813
70945
97304
23728
92430
82162
52344
3967
56253
69394
83340
63022
440
68016
63054
43173
20456
81955
47890
41845
37551
21335
85107
89309
43041
3453
79288
42060
70720
43057
99461
22884
14001
96764
46611
6430
95277
15307
10396
67882
84700
93735
47255
1492
78102
10308
61016
14910
8614
25257
56754
46165
46591
58212
51825
5983
61664
31112
48042
48735
74168
63854
87971
4520
60617
50933
10950
72246
66239
37697
40127
67291
47784
87381
68782
42237
14040
29797
57146
22653
55053
30251
85169
17995
4815
36993
40329
66478
84457
4722
31565
74976
68575
19535
79496
45543
70467
6797
17788
36706
60845
57914
3996
24980
45294
89129
67217
75685
18925
40714
98338
90329
70965
83506
24675
75779
36851
65003
58608
21307
69724
6524
96282
38298
26058
92129
83840
96525
98925
1628
49582
76122
75893
53577
1101
37539
42705
68317
13223
77981
25383
11560
68309
12699
11418
92983
88477
48268
74337
63436
69574
44060
69960
82207
98709
12369
90688
98900
8893
5964
16879
74826
82085
92772
28402
83186
46662
87458
67854
59884
65438
93236
87796
50098
5934
99213
59432
10762
63832
33768
90550
49757
94179
76861
31963
92887
89229
22650
91787
14474
28614
8665
89299
27050
17788
34053
10235
64449
21510
78089
40685
3300
87676
28480
53397
93610
44044
29181
20723
7875
79300
11272
57631
73479
88132
5945
82717
77361
44947
90855
91834
89912
15872
97484
16961
33659
31536
43548
14460
53046
21636
55144
56345
25663
99975
26093
35624
44018
71625
56347
68244
50925
83970
42226
24403
72102
48170
23471
65814
9468
14326
73999
99379
30197
71482
32692
80207
3018
76239
94666
72415
14226
66161
45111
39888
66135
87555
75512
26504
59180
48210
11099
10104
32179
53324
50858
20632
17846
74328
86445
43665
5005
60443
59396
35201
48277
92087
31760
67646
68325
26425
40060
98902
8938
1522
38789
91424
89076
30652
34280
48255
78861
45378
74710
27392
15054
41919
48023
49251
32599
34468
9267
37603
11262
68662
89156
59538
60748
20915
27183
45424
63691
83594
44325
72628
85115
99466
80404
74191
30117
14683
38797
25330
76412
29859
69073
7817
88129
17095
57067
20727
67914
66334
74682
79176
51347
80189
55065
12095
1103
98600
73870
81145
82193
18195
70125
83660
17660
50528
74202
64128
65210
12998
5809
41621
59208
74881
49438
47337
91976
22856
84415
76241
5541
75448
55416
56888
55636
26833
85334
73090
25432
59203
54235
23976
93749
24359
23987
27760
74886
98188
8240
56447
27538
14048
14419
86745
5281
80208
50433
13608
19416
51200
89848
24956
26647
45264
98195
82283
88448
99880
55372
13879
75435
25958
54206
85535
50316
78193
13295
25201
76380
21534
97999
3917
51933
12418
7014
57213
92625
73798
70820
12040
24997
60668
53348
67996
22283
51542
50278
10730
67774
22001
40960
43208
47959
11517
28742
98274
6061
58388
39827
82441
96273
37825
2709
48206
66594
26074
5418
59219
99872
92590
87610
41220
69609
40957
9215
91891
8851
75844
18972
92976
14197
76283
36183
62155
87799
81276
76780
93860
39664
32958
92652
35936
87135
11712
493
53728
54138
22263
29298
54009
14852
16908
11580
84460
74216
37147
92702
99418
12990
11673
92393
27186
4307
28575
5692
92105
26203
98824
2316
82218
31781
11319
34505
35267
23031
34998
88995
77168
57260
34644
47528
88463
51551
59107
72922
42119
12605
65623
41536
25595
93647
33929
69132
97953
78855
91176
6409
5057
89999
25077
3626
38131
36395
38131
73398
59425
89480
78744
52944
63091
13387
471
51553
81290
75930
24474
23408
88534
6448
64943
30480
16446
15223
99612
30750
94078
90787
37158
15486
97137
62234
19112
35267
14981
73594
25016
74405
79425
3759
27349
42515
33498
44171
94067
14787
36452
34892
38194
24986
57691
19488
71817
74136
34711
87780
21237
45140
94918
74746
60625
92054
53332
96088
43673
68312
86033
68688
42716
65457
88799
86416
7971
22296
46939
2037
37082
83390
36928
91627
24727
10970
27466
12896
85105
78528
675
6341
23667
95593
97439
84292
87646
50770
96731
31318
19081
82764
16358
78148
48220
5156
64564
72543
27451
27854
74579
80884
27595
27859
88862
68674
38828
16327
81569
40285
94855
82243
62977
18521
94187
60415
19164
81833
11184
32247
29502
30264
15010
62211
8412
79581
67366
89327
52123
11168
33532
43054
8403
61126
70912
97264
29799
26091
29943
11367
66375
41149
9962
45704
76021
4148
6118
11537
2332
33654
43783
31834
63917
58792
10396
88680
54724
77762
94358
6847
5281
27889
66252
13684
89015
37163
10947
18813
79605
57241
46532
62332
98389
56493
8035
74410
76992
30504
85946
79324
64157
46080
27509
44426
4871
37904
49457
75946
15665
43815
99144
20946
71703
65395
50981
60717
18909
78279
95882
98514
35520
58765
60845
50260
15257
85231
41021
8600
32086
43318
87923
96243
89397
15431
57020
10619
53335
6476
86565
68999
50290
85708
6296
38345
51103
57276
15413
86363
51907
11294
84876
87426
86410
62072
54037
18018
63654
95058
26618
95740
38375
14540
8334
27772
29971
65353
38390
83305
88180
41306
68655
54822
43366
91303
93166
10820
64930
8578
97182
16836
36224
98410
20613
22633
60481
74650
40651
24135
69707
67268
36226
24433
98159
44559
68556
28129
9911
6946
27785
98090
64603
12792
52911
7968
4094
62428
18787
85375
87358
15969
2211
23581
30730
39175
62565
91210
30176
3215
31696
99882
86834
67921
40667
1345
12479
9222
29473
38741
32519
73610
53183
97122
86401
22445
21441
6846
84873
40228
92220
72230
72548
10782
12162
19629
66309
74726
10838
96484
94293
58886
12718
97478
43158
53384
98822
71989
62605
44647
10729
11476
18256
80263
8597
21008
2708
46389
44205
3932
2968
36424
76161
91867
63558
4674
11495
29866
79399
22333
26349
73691
97570
39066
87521
40727
8801
86342
12715
87758
47340
39796
99233
81947
20058
7829
2954
22765
54217
47158
26696
57185
99934
19208
49051
79843
23881
60546
9708
3280
99230
52408
93322
13151
7826
97194
53877
32978
99888
82944
20735
47227
22739
19967
29174
42796
44147
32127
81913
98364
95637
8608
71900
95570
44168
37302
75412
68048
14199
1471
87679
29780
70230
97353
42930
94407
94546
13159
27385
94433
96102
48119
41660
18840
68086
87185
77987
12232
19311
59899
26947
31299
84859
15198
43220
29026
68852
34983
13425
99402
36453
1104
29182
23035
14808
88463
17441
9353
1621
61177
20138
97722
9296
78149
16561
93733
65333
94548
22316
995
70798
49263
32294
55656
80812
75513
84681
49663
26848
14458
49065
63300
15561
94598
2686
46720
83060
36479
72424
84681
97655
92561
98754
23302
87061
31667
17034
52393
42566
55702
69740
13363
4964
18385
69019
2127
10249
70051
51790
37096
84508
17206
16748
16420
11803
19433
63139
11214
72263
35563
12246
69918
44475
11000
93219
31536
42666
26605
280
85231
82306
86371
98593
3621
4755
83963
5747
15004
70366
73888
68451
71225
7445
85198
87645
35599
20983
67135
63165
93245
19049
75410
63162
63524
86409
72733
11411
45426
15689
28042
30656
14346
14413
45601
17966
19167
45915
40064
50522
32632
30304
18973
3857
54100
20522
7853
6051
41504
74987
69215
34749
10388
44624
14262
73911
47385
86994
1673
92810
19034
29714
39818
33379
44126
85418
67696
79645
47684
24112
46518
80316
70767
65490
84172
24866
2364
8376
30916
43867
83362
16482
78615
93749
61106
92877
84011
8490
96222
85683
1299
15256
31749
41116
64986
75874
42885
32682
71870
6921
73145
18388
87236
43911
229
87759
85128
2592
96134
32396
46459
95847
48877
41425
5948
9982
50653
6310
34823
46875
91993
36122
78482
23741
93589
43467
15966
52826
92500
87836
59746
65644
22575
63333
25906
22803
67443
11034
41747
79928
43429
88205
92126
92305
45981
98073
18639
96634
4383
53461
43508
12727
5934
38341
52819
99523
81807
68784
68700
90659
72971
44797
72654
95545
24481
98560
34700
8275
9593
76446
88202
53021
64650
80327
61677
10630
94752
80315
23615
99134
33776
67122
28212
39709
5462
81030
55583
3621
66165
40634
94279
39136
85430
66932
51032
26262
81843
85731
34536
91435
62176
22737
60807
43177
19416
22484
53807
14167
19150
93773
29652
52925
60895
57863
8986
82708
55244
64568
2680
21408
21554
13310
60543
6983
96594
11575
33245
78436
97305
67780
69871
75833
6869
47029
19009
26284
85864
89167
56802
5014
82940
86453
74290
43834
60667
99627
42893
15910
80547
45573
37317
2100
75234
97860
9082
71827
25786
58678
50263
39442
42810
36485
15274
49678
83513
34283
92313
85729
23449
49114
7094
6388
51918
81383
66573
12584
97362
25818
28493
77908
87742
65809
80007
62975
80020
5440
34802
22157
80470
85064
61599
23279
37900
93224
89308
37764
27506
97972
23492
67307
63437
30585
90046
15354
28320
72971
27937
25681
98788
72781
19940
2881
38589
99946
65855
18609
21737
656
40765
2206
2071
18715
41836
56322
11939
47495
94086
55796
45466
17577
23102
25254
64514
29500
40607
92833
2470
84895
34865
17609
57675
54804
20489
12616
71101
86343
31224
9189
3351
88340
11395
21773
23407
69582
78095
35345
33429
72180
7492
95246
6108
46946
20500
70621
76445
77458
79805
95266
62353
14669
12874
36379
69472
49714
48994
56924
52408
96569
66113
55758
84909
93859
93883
24667
79792
88329
76363
13220
76860
83854
8466
82967
30799
45317
69940
7243
22774
49744
2508
1478
80765
31733
37857
66588
81446
86850
23512
33854
83419
89624
5963
84679
99834
16197
9345
79625
4525
85707
92845
97736
69560
17662
80703
359
62978
66994
23953
2103
33089
42813
3581
13853
74545
57789
80441
55991
44638
20304
6196
44408
26279
28510
29086
26112
44707
54782
22088
49231
40488
31284
46967
26400
48945
44021
43110
28274
27366
83414
46729
60454
26226
50309
90659
771
8097
87451
73113
69086
7754
95660
13494
34032
24169
58931
76495
68875
13713
98582
34458
70552
29866
97776
96951
95162
58148
56412
39788
85513
39826
86516
62318
82403
53176
52976
99525
77624
40426
88989
63061
64531
84648
76554
14914
25169
35485
91408
94043
65549
6342
44852
36100
52559
42627
49403
64072
774
22166
3859
2638
78343
6726
64956
60746
76253
17931
60270
53876
74709
65611
16937
55591
50258
9842
70505
91778
61678
78264
2173
27226
957
47024
79678
53515
89651
29080
17587
6776
67597
37797
9414
45940
44523
74369
6685
20775
8651
83306
91003
99711
48916
24291
55302
15526
50484
42158
7303
28514
36773
9475
72091
37730
56499
51768
7596
62501
97199
41534
85628
64796
79331
95041
10735
40205
85761
33771
77331
10764
17076
68333
26826
65992
8975
98479
97869
59459
40636
5171
4324
77409
30998
76414
15138
87496
28182
39085
66348
25380
80619
51975
6527
59949
63368
17261
16505
65480
67383
93835
76243
84459
78520
3069
66802
87494
1547
64670
63304
58535
69840
83979
52295
17189
60393
83784
4684
88574
22868
87383
30305
3486
39358
36832
79786
19077
70444
96290
84556
37827
90125
60799
38637
84996
80219
5438
88841
98117
86459
68497
73003
56298
52475
25297
89839
12867
9080
94522
1440
48300
98257
48097
51785
53966
1280
31571
73042
88075
44212
57597
42253
34336
34747
80889
19331
31317
2678
8172
45786
89136
93020
18788
61786
45494
60437
51624
58361
85868
62497
59800
34167
60753
24248
2304
14718
25527
50226
87759
13602
94437
61708
72206
28773
12806
53095
64455
44123
72124
88978
6260
61260
81997
25047
23045
27491
1835
91020
2203
87703
53516
78354
38221
14269
2602
40524
45338
28128
90749
33097
58081
85186
11156
46639
30310
23961
99733
11116
84435
88208
16446
90694
49467
14794
32093
88863
42284
50279
79882
60838
37981
33398
39192
92554
64018
41793
33077
9355
86272
23826
58803
60705
25363
69958
7343
55672
10271
23427
83139
11057
11634
99584
18103
77453
14378
66547
66315
73013
16825
62549
33851
71158
12298
73042
63711
76315
31186
96787
2021
17457
36964
60824
78161
78678
47133
1855
34349
73755
25281
33840
84812
36915
33423
2914
14367
64152
85812
97033
37165
2636
59581
87367
73793
71878
60408
53855
64544
7945
66994
66565
25401
20309
43740
19914
98987
90872
21768
49687
80979
63401
83526
65790
315
33301
85055
31033
97452
70866
44417
50968
89853
3998
38334
79998
92227
15093
33852
56771
23037
845
23335
48438
21154
83426
84703
36492
74297
6470
86178
71627
69870
69704
37416
86536
3004
38822
33920
455
26039
78337
67775
15892
98686
6108
12241
90912
21201
46092
64034
60589
63289
87368
25378
794
70793
10080
37285
61442
32902
23462
33068
19123
9517
86836
5659
12520
42009
55930
29327
84400
50618
97101
291
49303
19560
28883
56567
57112
74974
20600
17701
54614
24320
43078
55407
11464
53158
9043
89257
2411
48857
38677
21533
58373
41864
43543
87245
83872
15825
32923
68271
66442
46375
84913
32097
65934
13795
5015
23046
5121
41966
40746
59734
66285
175
31493
94101
69684
56887
99709
72094
22095
38385
9979
80468
80248
53521
84064
80472
69345
16986
65094
52139
63360
66359
84235
45645
96505
5601
68690
1625
47566
25787
77711
30203
42314
25555
24303
11997
98793
24011
443
20888
78748
10421
1355
75347
80293
1770
55818
65990
18755
37264
18128
98466
3622
18714
60462
126
24314
45504
1751
71879
87642
95813
2081
29955
37719
42735
58304
36511
83098
58746
57398
61845
85518
75104
37191
65810
93225
9361
31799
11979
46624
66278
26796
50245
1343
3610
50370
25656
49113
68472
13887
36754
80636
32319
66709
18354
75054
25012
54865
58151
109
28614
36347
85626
20070
73537
67787
13294
82897
99586
41625
29520
82215
84772
96116
83558
88381
46486
25565
37493
31309
39451
74247
11945
88122
57307
46650
63175
82318
1514
37677
98778
46480
90375
84403
66549
63911
52189
96194
63160
68126
37818
9031
66693
22590
5147
50250
10970
67984
75814
64815
99292
31617
39061
27588
19738
12719
74238
99264
95036
92103
53292
10165
38582
43666
94567
21482
23928
63107
17676
87087
31233
55493
96118
97925
94434
17616
64526
5404
85599
56691
70218
84890
88307
25630
12478
24396
38348
3067
40011
49735
95169
93302
59899
50103
53319
70817
71584
77247
33923
89259
80685
65155
61104
93154
79431
55537
10769
43956
77292
96367
647
47509
97609
5305
89490
26438
29701
27837
29504
86063
93923
41024
95717
53821
91126
49035
24637
62710
42633
74912
68320
23318
40066
45775
16471
19497
17664
27240
79804
94955
39958
80450
58816
37566
85755
48305
80355
31807
92494
26210
17869
86416
67234
29937
56589
58359
78972
97577
37420
21604
72488
5740
44921
28906
67866
77744
64754
85529
21335
44557
80484
61292
41359
39299
15210
27113
3955
11916
75271
12800
38126
9491
99216
5359
39428
72156
63717
34751
69732
1137
56354
58572
23228
17627
87477
91093
95370
52230
76622
16704
13138
73457
94347
54496
29107
25908
97960
33061
37824
89582
45861
75949
99073
61428
81307
54852
33583
61375
89602
19666
78863
62307
94589
2090
79933
98417
9535
91654
50646
2508
24709
80136
75964
35408
34631
5070
61315
32591
54482
99138
38524
342
91438
37596
78121
89096
8799
28055
66823
14752
47721
45685
77059
58661
64127
73343
57078
73661
64997
24075
92520
6057
4210
68483
41464
55193
89904
2779
4135
44385
18268
42658
44727
26058
96606
22847
15153
5404
50902
81975
20156
14974
44012
13566
89986
8138
86908
47063
98150
68256
71138
90669
74313
91699
75503
15776
46891
65406
18554
51025
26142
53174
10035
70868
79231
6640
10067
94383
12043
77320
92710
48550
8645
53073
62115
98630
61210
49023
62045
75711
33630
49534
82731
7942
41232
74585
23718
4475
56342
58623
71851
82483
11796
81885
69703
7378
88524
79769
18113
16919
73440
10822
65468
98436
63894
43935
13417
41455
92957
75461
33517
42938
24994
16247
50880
82578
7183
74597
87052
63524
33219
58902
46006
61367
40787
15708
68744
29310
11828
86856
46228
1619
14029
28048
54
94274
71982
13471
52080
81290
5283
85596
24227
30277
18194
75106
12854
25376
49702
16257
88899
99273
75158
51257
76991
15944
66964
62086
61606
95144
65294
7833
96762
79322
52232
13168
89948
24213
42990
42027
5502
48272
27623
29729
94900
45816
4834
24105
87544
70888
40361
76442
86512
15519
27698
79854
47814
11014
41939
9419
6157
7232
33604
2918
2906
85835
32437
92853
10048
75426
34879
15549
40050
62501
61629
34949
24669
66463
59054
12212
53702
15766
5005
56565
31284
32703
36418
79098
43716
94708
4868
66224
1940
38471
85493
21197
24306
17930
14049
50705
93355
48927
82605
33404
27780
44234
84705
68800
27048
60110
97363
97101
75875
2367
53665
7159
35069
6434
2608
95136
1141
7475
61359
19432
62298
63204
56980
2955
81133
71028
53659
90839
36307
52615
40595
80438
96848
25299
49237
40247
1760
46599
37347
77634
65317
7363
1144
386
30148
3751
11873
31289
27578
89584
67072
89875
52787
24052
92829
50271
11431
62839
41109
64089
15453
98055
44526
28653
23353
10114
68899
41464
73064
22598
19098
38381
46312
20241
55118
76460
40344
83342
24100
67921
72925
91171
74147
42063
31574
66975
92333
59357
46165
49794
23445
77969
47848
67971
6621
87553
94436
91872
29016
67500
30821
48113
22232
77132
84706
93701
69943
25049
77042
94042
92969
66319
1565
83467
8381
33138
50441
17066
92494
12957
66859
32291
90925
31058
261
13898
18610
11048
5769
63978
94899
52941
28442
17130
30072
13147
10830
15
54547
87872
10408
63867
70542
11972
47333
78922
61462
14125
12339
53955
27081
95549
2597
34358
26607
2857
48255
61568
30257
70375
41897
25155
23315
70339
42285
69738
99837
69466
86104
54384
73689
96512
34602
44230
8483
81935
23152
69944
96059
51842
40251
39492
47391
42847
73849
90349
62056
38455
68268
92312
8829
10165
17466
48495
96855
76102
18232
96691
45568
4336
67426
19256
17199
2028
63486
25681
314
2989
11977
12724
54830
52227
68567
18572
11425
58767
8920
73480
97221
77188
82143
22401
87352
15961
70895
84206
92062
5479
97248
53981
9814
81026
73237
27012
99405
53074
69044
99718
72414
81020
28793
27243
49598
97360
62167
61023
56126
71086
34502
69699
64625
16645
92099
68328
48957
79346
52533
41018
84824
66133
94999
10989
47158
84587
38000
46562
54012
23395
62631
26425
4415
91423
70019
54012
5134
32185
31386
61260
19623
65888
47310
84247
98884
39408
52575
47840
18753
21459
5209
19928
87591
16559
30916
51100
17497
68915
14013
71508
8662
76643
14284
29428
84418
84303
99791
89551
32839
31177
67162
52461
13416
14471
36708
12299
70231
89282
76490
5335
10740
98050
25263
14683
14609
56178
82134
32105
41445
96147
3613
50106
89141
17896
95885
73558
18550
95675
79461
51389
26851
62974
3849
40266
93797
40556
68916
64027
46189
45405
85713
73281
43455
27327
4315
74415
83505
86448
6519
41301
98946
26483
7758
88087
60731
3642
77996
79280
99316
73808
30668
42519
36782
50869
82784
30578
91424
51700
10956
53965
13456
13020
43597
73262
40347
47911
47676
40203
50710
70547
81503
49656
97029
89260
54094
57759
9253
48441
37039
8568
22249
84058
51086
75382
34926
50222
22311
42702
18273
49618
96666
48080
62637
56614
21342
2983
4524
85369
43185
55233
55915
41039
21240
69296
46650
91685
43406
55902
40126
96796
80822
78726
80854
31907
54107
32131
98480
76417
74832
16752
26034
87849
64832
5022
44462
2525
24357
65337
4245
67541
36922
60160
24932
74513
45807
71581
66198
89212
27483
6323
86008
8304
85048
83213
56562
55506
15343
71394
48274
6527
88145
90659
10727
69328
95680
71541
88204
20036
36877
92449
3929
73798
68960
28860
48311
14766
440
30860
20329
44274
37182
22688
68929
38581
22252
41843
94086
53947
13236
58711
60473
17732
49369
87551
87060
45048
59091
75263
65084
95968
84063
85364
86117
53022
14223
50779
84139
31014
81638
4468
91640
35171
43507
60568
90103
65759
2410
540
19705
31997
59250
96529
49729
8618
84079
53140
70018
43170
44754
35101
55489
28817
36816
41605
81838
51038
8736
65977
98403
6725
86796
90042
41896
30302
66962
31998
96060
85723
48890
32116
17720
8139
28644
67448
16757
12723
20587
86774
72244
65340
38226
27732
94156
75041
85688
92346
42430
94423
74674
40832
1148
61469
47226
59395
8122
14187
7744
20534
99909
56633
52649
17628
64772
81293
1427
97880
94015
22013
1005
66258
3705
55582
10341
14212
30622
96028
6557
89403
90451
97582
30234
7950
59050
77459
67344
83524
7997
75087
4057
7906
48072
56705
25533
12843
37997
26960
10722
48363
65324
28078
30972
69028
83659
41312
99592
14280
37340
6148
20034
44142
3730
66619
68443
79131
60430
35786
62654
68426
27224
66710
76331
75295
39767
18216
4489
77763
61527
31562
42478
26850
59639
73449
12230
43297
31113
11821
73928
84804
34320
93961
45297
54401
60580
13739
49884
21009
49524
12537
89434
93099
95599
82117
84746
35365
332
89234
29479
78210
20796
71956
5059
80434
61757
33640
23731
92869
45460
97658
94024
96132
7971
39320
50532
68550
53058
415
5910
18933
29304
11695
12031
41254
10163
96776
92970
26846
2362
22448
5055
23157
10756
10114
19942
88864
60105
43672
81732
5565
57682
92107
18048
65652
31426
68579
50553
84483
85346
72814
19767
31001
860
31797
72254
11023
44925
65223
37868
63638
4022
42923
3146
31129
69388
23087
19992
29492
83111
18075
51408
40792
10181
69455
22795
41606
54386
89699
42440
56083
78864
62206
87083
79723
10355
59336
90745
71631
40910
44965
51620
61283
87887
54765
92412
73626
77851
12403
19469
60961
30478
70877
18104
40658
56683
57250
98616
27420
46948
57407
83502
25811
35965
70584
21886
62671
46271
12630
34301
87180
57594
2272
48463
61832
57036
57226
35457
34886
69628
54926
95847
105
42154
30302
57115
15188
87552
72082
42608
34499
29488
26109
76662
65452
